north_channel_3
1405 802
1  335631.730320  293567.539732 1.9284135e+01
2  335314.113286  293643.166576 1.8781425e+01
3  335408.264335  293455.455149 1.7196794e+01
4  335443.428220  293942.962586 2.0281988e+01
5  335219.962236  293830.878003 1.9246242e+01
6  335526.400107  293300.400845 1.5477000e+01
7  335726.153666  293408.507158 1.7267327e+01
8  335834.401736  293218.414076 1.4134871e+01
9  336059.061241  293333.026802 1.5334661e+01
10  335949.347354  293491.912888 1.8850968e+01
11  336172.813339  293603.997472 2.1604992e+01
12  335855.196304  293679.624315 2.1661573e+01
13  335537.579270  293755.251159 2.0683312e+01
14  335761.045254  293867.335742 2.2769502e+01
15  335984.511239  293979.420325 2.3309723e+01
16  336078.662289  293791.708899 2.4254700e+01
17  335572.400099  293026.199088 1.1563000e+01
18  336266.964389  293416.286045 1.5972986e+01
19  336302.128273  293903.793482 2.6656332e+01
20  335349.277170  294130.674013 1.8544695e+01
21  335125.811186  294018.589430 1.8428188e+01
22  335572.743155  294242.758596 1.8456195e+01
23  335666.894205  294055.047169 2.0682283e+01
24  335890.360189  294167.131752 2.1041534e+01
25  336113.826173  294279.216336 2.0237428e+01
26  335796.209139  294354.843179 1.7353666e+01
27  336019.675123  294466.927763 1.6143255e+01
28  336207.977223  294091.504909 2.4040991e+01
29  347687.799917  290110.499541 9.0520000e+00
30  348041.000119  290047.698849 8.6210000e+00
31  347951.999891  290388.601387 1.6502000e+01
32  347362.699990  290168.399679 9.1200000e+00
33  347219.600087  290500.600470 1.6488000e+01
34  347044.400044  290225.000369 9.4310000e+00
35  348805.880672  290087.198394 8.5540000e+00
36  348768.897156  290432.897710 1.8522000e+01
37  348483.799899  290055.399766 8.7830000e+00
38  348415.099889  290435.901039 1.8747000e+01
39  347523.100103  290398.400463 1.5325000e+01
40  346927.700100  290511.899468 1.5561000e+01
41  346638.299984  290313.800198 8.9110000e+00
42  349126.280614  290145.529897 8.2460000e+00
43  349738.989184  290462.802988 1.2325000e+01
44  349439.783368  290229.057069 8.5460000e+00
45  349794.706937  290251.640768 7.5660000e+00
46  350626.064971  290193.346057 3.9110000e+00
47  350651.324695  290579.797494 7.3380000e+00
48  350238.966133  290312.128201 4.3820000e+00
49  351020.194422  290100.158553 3.8270000e+00
50  351032.754768  290468.104251 7.3670000e+00
51  349118.477960  290488.902416 1.8784000e+01
52  351964.890000  290608.514612 5.4690000e+00
53  351811.154837  290308.917663 4.2880000e+00
54  352199.079772  290226.382294 4.6310000e+00
55  354016.218105  290080.089033 2.6130000e+00
56  354258.723445  290291.628899 5.4870000e+00
57  353969.398037  290528.189402 4.5400000e+00
58  354341.040442  289767.012260 2.6240000e+00
59  351416.896778  290018.865748 2.5900000e+00
60  351420.766693  290382.648871 5.3670000e+00
61  354608.859793  290180.779968 6.5600000e+00
62  354578.596955  289382.873835 2.3810000e+00
63  354882.471859  289570.956094 5.2220000e+00
64  354713.057537  289796.185996 5.8880000e+00
65  354968.374298  290100.295865 3.0630000e+00
66  355171.505886  289776.968572 3.2010000e+00
67  355614.677763  289799.413184 2.7840000e+00
68  355262.649202  290116.267045 2.3670000e+00
69  355659.583253  289954.454943 2.2320000e+00
70  354970.035705  290441.183610 8.2390000e+00
71  355525.702627  290179.550799 5.3650000e+00
72  355343.102431  290269.209793 5.4880000e+00
73  355423.555895  290422.152487 1.9480000e+00
74  354582.701243  290638.193426 8.4370000e+00
75  355794.663307  290206.277362 2.4060000e+00
76  340145.700132  292840.798548 1.7846000e+01
77  339944.800084  292707.799262 2.1465000e+01
78  340133.799896  292567.899215 1.8639000e+01
79  340323.800131  292412.299665 1.6396000e+01
80  340341.899972  292680.300994 1.5992000e+01
81  340538.199933  292519.800386 1.4318000e+01
82  340526.999920  292265.100952 1.4674000e+01
83  340709.899893  292379.199812 1.3165000e+01
84  341064.400095  292400.300773 1.1646000e+01
85  341479.300040  292276.599067 1.1663000e+01
86  341341.799890  292570.598541 1.3757000e+01
87  340800.999850  292581.099790 1.2455000e+01
88  340639.100116  292828.199900 1.7166000e+01
89  341000.299923  292722.800209 1.5209000e+01
90  341230.699983  292873.199481 1.7172000e+01
91  340900.700045  293031.299441 2.1190000e+01
92  341737.599871  292459.598886 1.3313000e+01
93  340324.399958  292984.699808 1.9253000e+01
94  343383.200076  291823.301476 1.1540000e+01
95  343067.599866  291674.700053 8.7580000e+00
96  343402.700040  291532.901437 8.7510000e+00
97  344826.799919  291142.900831 1.2556000e+01
98  344941.399964  290840.498806 9.1820000e+00
99  345138.800044  290994.699451 1.2024000e+01
100  344569.600052  291007.198566 9.5530000e+00
101  345250.799992  290724.501495 9.0580000e+00
102  345103.000123  291252.000623 1.3989000e+01
103  344493.299956  291302.599054 1.2685000e+01
104  345676.100012  290908.799332 1.4675000e+01
105  345556.900146  290609.701199 8.7170000e+00
106  345890.300017  290507.101287 8.7370000e+00
107  346001.699892  290741.699976 1.4244000e+01
108  346223.700071  290404.498617 8.7770000e+00
109  345413.099880  290864.600127 1.2130000e+01
110  345396.299965  291100.101066 1.4872000e+01
111  345894.500105  291074.500846 1.6559000e+01
112  346126.400034  291026.798740 1.7829000e+01
113  346103.499937  291284.800720 1.3713000e+01
114  345647.099948  291207.899444 1.6213000e+01
115  346328.099875  290906.699300 1.7613000e+01
116  344132.700069  291468.599654 1.1891000e+01
117  343800.199940  291353.399892 8.3260000e+00
118  344197.699933  291173.898738 8.5790000e+00
119  344802.099861  291436.900108 1.4814000e+01
120  344987.099874  291637.800329 1.5099000e+01
121  345151.399891  291485.898982 1.4602000e+01
122  344469.099919  291580.298789 1.3546000e+01
123  343770.900045  291675.999860 1.1762000e+01
124  344162.899966  291736.699476 1.3263000e+01
125  344481.100076  291853.298803 1.2957000e+01
126  344750.800121  291740.500941 1.4711000e+01
127  345428.600009  291602.000467 1.3651000e+01
128  345393.600049  291349.700339 1.4639000e+01
129  345875.399906  291374.200305 1.4117000e+01
130  346104.000020  291558.600976 9.1920000e+00
131  345647.800033  291487.099208 1.4147000e+01
132  345497.100000  291866.301166 8.8890000e+00
133  345246.599928  291728.400263 1.2525000e+01
134  345881.800141  291661.199685 8.5810000e+00
135  346104.199987  291847.499804 6.6840000e+00
136  345659.500073  291763.701077 9.1620000e+00
137  346326.299968  291455.999272 9.3490000e+00
138  345064.599921  291845.000535 1.2586000e+01
139  346312.800134  291743.999578 7.2080000e+00
140  343952.399941  291936.900154 1.3068000e+01
141  342299.799996  291975.199075 8.9720000e+00
142  342735.900046  291815.000421 8.8990000e+00
143  342686.800097  292067.100340 1.0352000e+01
144  343037.899957  291953.000919 1.0603000e+01
145  341863.799970  292135.401194 9.6330000e+00
146  342101.799871  292284.400382 1.1377000e+01
147  342415.299978  292206.801078 1.1057000e+01
148  342665.499853  292327.599850 1.5098000e+01
149  342966.699960  292218.499192 1.3010000e+01
150  342367.100130  292436.199043 1.6091000e+01
151  343314.100068  292136.501185 1.3280000e+01
152  343643.100107  291993.601032 1.3109000e+01
153  343614.100143  292273.001080 1.2435000e+01
154  343883.499868  292212.199175 1.2470000e+01
155  342892.599927  292489.301368 1.7911000e+01
156  343160.700065  292416.600801 1.7968000e+01
157  343658.099946  292546.398837 1.5729000e+01
158  343416.099874  292419.801255 1.6938000e+01
159  343837.100150  292473.200398 1.0533000e+01
160  343312.599927  292656.300834 2.1953000e+01
161  344173.100097  292358.500169 1.1965000e+01
162  344027.299952  292458.998917 1.1548000e+01
163  342076.700064  292547.900917 1.6135000e+01
164  341850.800045  292725.000923 1.6440000e+01
165  342369.700033  292677.000142 1.4866000e+01
166  342625.999858  292578.900482 1.6743000e+01
167  341740.999962  292987.199934 1.4603000e+01
168  341550.999905  292761.000679 1.7016000e+01
169  342409.699993  292928.700382 1.3649000e+01
170  342149.200034  292791.401337 1.4253000e+01
171  342621.099960  292833.098522 1.3659000e+01
172  342853.700017  292754.100229 1.5801000e+01
173  343513.700091  292653.399370 2.4439000e+01
174  343088.599979  292692.599794 1.7847000e+01
175  343873.299927  292744.001206 1.0230000e+01
176  343702.700056  292801.000785 9.7190000e+00
177  344043.799946  292687.001284 9.6650000e+00
178  343285.800039  292915.400379 9.2580000e+00
179  343507.799896  292866.101308 1.0427000e+01
180  344039.599885  292964.001205 5.6280000e+00
181  343862.500148  292990.601217 5.6060000e+00
182  343063.899933  292964.800047 8.3120000e+00
183  344231.599968  292595.200258 9.8240000e+00
184  344118.199942  292145.098869 1.2308000e+01
185  344731.000030  292021.500355 1.2357000e+01
186  344268.299876  291994.301070 1.3121000e+01
187  344983.799966  292184.900697 9.3530000e+00
188  344930.299979  291966.001270 1.1360000e+01
189  345172.199886  292071.498539 8.9420000e+00
190  344361.699957  292255.799008 1.1864000e+01
191  344795.400096  292298.199331 9.6170000e+00
192  344538.899849  292134.000337 1.1967000e+01
193  345541.799995  292103.300653 6.8990000e+00
194  345334.700021  291968.901312 9.0820000e+00
195  345889.200069  291888.300635 7.2830000e+00
196  346027.299905  292130.698867 5.4910000e+00
197  345739.900033  292013.199579 7.3880000e+00
198  345181.000021  292343.098678 5.6780000e+00
199  345354.100069  292220.498849 6.2070000e+00
200  345757.699863  292254.300793 5.4810000e+00
201  345537.099914  292319.699117 5.5260000e+00
202  346334.000107  292035.300079 5.7240000e+00
203  344419.300144  292503.399386 9.6620000e+00
204  344607.000111  292411.598601 9.6510000e+00
205  344801.699866  292561.500715 5.8730000e+00
206  344624.500125  292698.300186 5.7680000e+00
207  344236.600006  292889.200586 5.6990000e+00
208  344434.700111  292811.699544 5.8180000e+00
209  344993.400082  292441.901414 5.8920000e+00
210  344993.399963  292675.698654 5.5600000e+00
211  345197.699993  292620.500967 5.3800000e+00
212  345627.499896  292512.400926 5.4810000e+00
213  345386.299943  292494.300915 5.5400000e+00
214  345928.199913  292428.399222 5.2410000e+00
215  346281.099953  292307.698519 5.3080000e+00
216  341983.300053  292925.800951 1.4011000e+01
217  346337.900028  291198.700008 1.2987000e+01
218  336535.568958  293367.890811 1.3978910e+01
219  336396.279323  293716.082055 2.3573079e+01
220  337204.099921  293418.798482 1.4167000e+01
221  337432.100107  293371.499495 1.5477000e+01
222  337316.600071  293607.199849 1.9539000e+01
223  337802.399876  293511.600051 2.0672000e+01
224  337664.700082  293321.500733 1.6358000e+01
225  337908.999905  293262.099716 1.5037000e+01
226  338064.499913  293457.698816 2.2186000e+01
227  338156.200138  293210.600961 1.7235000e+01
228  337553.700125  293593.001126 2.0866000e+01
229  337031.513392  293564.828367 1.6398063e+01
230  337053.063980  293354.352028 1.3185061e+01
231  336937.362342  293752.539794 2.2656720e+01
232  336713.896358  293640.455211 2.1638403e+01
233  336840.758330  293408.507158 1.3138295e+01
234  336619.745308  293828.166638 2.7866526e+01
235  336525.594258  294015.878065 2.7130540e+01
236  336431.443208  294203.589492 2.5601598e+01
237  336843.211292  293940.251221 3.0486772e+01
238  337077.599965  294039.399108 3.3363000e+01
239  336749.060242  294127.962648 3.1054452e+01
240  337382.299922  293876.400108 2.4349000e+01
241  337693.499934  293786.100171 2.4609000e+01
242  337937.800012  293663.399070 2.5413000e+01
243  337726.200012  294072.100780 2.5685000e+01
244  337930.600117  293868.198662 2.5481000e+01
245  338180.900102  293697.998620 2.7106000e+01
246  338090.099872  294033.601099 2.6295000e+01
247  338320.800016  293422.300689 2.4394000e+01
248  338859.500148  293246.100111 2.6597000e+01
249  338837.799905  292965.898919 1.7849000e+01
250  339064.199918  293056.598602 2.3666000e+01
251  338402.300067  293160.300639 1.9356000e+01
252  338602.499923  293356.200764 2.5970000e+01
253  338637.399983  293083.699615 1.9709000e+01
254  339144.399921  293310.998703 2.7497000e+01
255  338837.799955  293556.400103 2.8656000e+01
256  339312.199972  293023.598895 2.6395000e+01
257  339823.000143  293051.899369 2.0099000e+01
258  339574.900050  292982.499061 2.4505000e+01
259  339752.799885  292838.499112 2.3383000e+01
260  339973.599880  292953.398916 1.8486000e+01
261  339418.400029  293149.698510 2.5941000e+01
262  339478.899958  293276.799002 2.3924000e+01
263  339672.299951  293150.398749 2.1364000e+01
264  339797.600138  293271.499769 2.2944000e+01
265  340058.900024  293157.200934 2.1042000e+01
266  340007.799895  293396.198978 2.4368000e+01
267  339383.100059  293450.501095 2.6178000e+01
268  339691.599976  293477.998846 2.5894000e+01
269  338492.799857  293602.399939 2.7861000e+01
270  338337.000011  293840.900901 2.6919000e+01
271  339020.599963  293787.600656 2.9601000e+01
272  339158.599889  293574.001020 2.8630000e+01
273  339273.099852  293778.200489 3.0491000e+01
274  339459.500062  293631.499384 2.9302000e+01
275  338588.599906  293806.898772 2.8498000e+01
276  338372.400141  294051.499547 2.9531000e+01
277  338963.900058  294050.100769 2.6350000e+01
278  338797.500150  293885.400642 2.8049000e+01
279  339173.000042  293983.899801 2.6027000e+01
280  338596.099952  294039.900864 2.7876000e+01
281  339371.999937  293951.900351 2.5913000e+01
282  339522.300121  293832.300946 2.6902000e+01
283  339946.699914  293622.199001 2.4825000e+01
284  340104.099921  294055.300485 5.9610000e+00
285  339924.799873  294108.498598 8.1950000e+00
286  339921.999855  293867.199066 1.7905000e+01
287  339715.100058  293715.100426 2.7410000e+01
288  339554.799996  294041.000281 1.8067000e+01
289  339732.900110  293943.798944 1.8476000e+01
290  339351.700048  294136.899776 2.3614000e+01
291  340119.599987  293800.699597 1.8622000e+01
292  336337.292158  294391.300919 2.0112297e+01
293  336972.526227  294240.047231 3.3047371e+01
294  336654.909192  294315.674075 2.7004603e+01
295  336243.141108  294579.012346 1.4900150e+01
296  336878.375177  294427.758658 3.3721907e+01
297  336560.758142  294503.385502 2.0356314e+01
298  337182.591679  294480.174498 1.6053060e+01
299  336843.380726  294759.884918 7.3182180e+00
300  337195.992211  294352.131815 1.7014356e+01
301  337718.800045  294373.699960 2.2908000e+01
302  337416.500102  294190.298672 2.8079000e+01
303  338230.300149  294287.099016 2.5023000e+01
304  338371.800043  294516.100427 1.2936000e+01
305  338482.400017  294266.198917 2.1178000e+01
306  337971.200017  294310.600309 2.5186000e+01
307  337502.100023  294470.399160 2.0146000e+01
308  337735.600070  294677.798774 1.2563000e+01
309  337948.199865  294620.699405 1.2034000e+01
310  337042.772983  294569.879231 1.5946394e+01
311  338159.999932  294568.399860 1.2505000e+01
312  337303.458116  294799.519882 1.0754000e+01
313  336466.607092  294691.096929 1.5735837e+01
314  336794.515024  294888.093368 6.1146269e+00
315  337160.566493  294945.929004 2.3060000e+00
316  336994.091790  294766.634524 4.4500000e+00
317  337040.686137  294701.307094 6.9044028e+00
318  337523.000091  294734.998810 1.2808000e+01
319  338102.600132  294798.500588 7.3170000e+00
320  337913.500023  294907.398856 7.8610000e+00
321  338306.199882  294781.199520 6.8950000e+00
322  337385.900141  295062.299513 5.9070000e+00
323  337665.500095  295006.399082 7.8310000e+00
324  338524.300074  294700.798673 6.5500000e+00
325  338738.299895  294187.999025 2.4122000e+01
326  338944.700001  294275.299543 1.5816000e+01
327  339157.000048  294218.298530 1.6329000e+01
328  338613.700075  294456.299426 1.3278000e+01
329  338950.399954  294511.700093 6.7230000e+00
330  338804.400141  294409.298654 1.2972000e+01
331  339084.799851  294396.600133 7.1450000e+00
332  338770.200080  294648.100763 6.1980000e+00
333  339249.700128  294460.799427 2.4000000e+00
334  339546.899890  294224.500960 8.6920000e+00
335  339355.999919  294354.799507 3.8100000e+00
336  339766.200111  294155.599592 8.8640000e+00
337  339728.600149  294336.799066 9.4210000e+00
338  339895.699854  294279.600637 8.6050000e+00
339  339565.900098  294383.100320 4.6970000e+00
340  339892.999959  294462.101286 9.4370000e+00
341  340058.700091  294216.300836 6.5270000e+00
342  340034.199961  294382.399309 8.1020000e+00
343  339696.500141  294522.699311 6.9510000e+00
344  339538.700070  294517.900708 -5.5800000e-01
345  339016.499880  294707.498578 4.7000000e-01
346  339143.799875  294566.399906 2.4460000e+00
347  340228.100065  293548.601334 2.1704000e+01
348  341207.200147  293144.599229 2.0524000e+01
349  340577.499940  293137.100605 2.1999000e+01
350  340288.599957  293271.099818 2.1650000e+01
351  340773.400048  293347.899833 2.0724000e+01
352  341016.699866  293281.301319 2.2061000e+01
353  341239.100122  293420.399281 2.0783000e+01
354  340495.500021  293425.599131 2.0219000e+01
355  341464.000139  293041.398870 1.6539000e+01
356  341656.000052  293245.001148 1.3635000e+01
357  342218.699982  293033.999050 1.2478000e+01
358  342263.200110  293267.798558 8.6620000e+00
359  342456.100140  293183.200602 8.7660000e+00
360  342019.999858  293126.800970 1.3175000e+01
361  341663.800128  293515.799648 9.1310000e+00
362  341441.800105  293320.198975 1.8144000e+01
363  342070.300077  293352.299071 9.2220000e+00
364  341860.700067  293220.900685 1.3431000e+01
365  341867.100006  293434.000533 8.9680000e+00
366  342498.300076  293430.198637 5.8550000e+00
367  342292.999978  293519.299674 5.7990000e+00
368  340668.599984  293622.799920 1.6403000e+01
369  341045.099997  293764.500613 8.0470000e+00
370  341032.599951  293513.301512 1.6586000e+01
371  341257.300073  293679.199976 9.1000000e+00
372  340865.400133  293604.899308 1.4068000e+01
373  340462.300117  293689.798953 1.7592000e+01
374  340302.299952  293785.999014 1.8708000e+01
375  340847.200117  293826.999030 8.2680000e+00
376  340634.300009  293894.301201 8.1490000e+00
377  341657.600045  293711.299076 7.2450000e+00
378  341460.499944  293597.501333 9.2300000e+00
379  342097.200122  293626.201285 6.1490000e+00
380  341847.899907  293610.099221 6.9890000e+00
381  341418.966142  293820.496153 6.2620953e+00
382  341912.399999  293769.498752 6.5920000e+00
383  341223.700129  293907.398617 4.7590000e+00
384  341713.032907  293820.496153 5.3276106e+00
385  342841.899856  293014.099343 9.5960000e+00
386  343273.400042  293210.599371 4.5800000e+00
387  343495.799895  293180.898985 4.5190000e+00
388  342901.000114  293292.300120 5.7730000e+00
389  342648.999929  293098.599663 9.0580000e+00
390  343709.699967  293107.299084 5.4450000e+00
391  343053.600137  293189.000247 6.1020000e+00
392  342710.500031  293372.301138 5.6600000e+00
393  340283.399934  294001.998839 9.1440000e+00
394  340442.599867  293954.799560 6.9640000e+00
395  340385.200149  294133.600344 3.7750000e+00
396  340222.999851  294161.900690 3.9330000e+00
397  340315.000519  294266.121903 2.3830000e+00
398  340195.599880  294313.101019 6.1450000e+00
399  340550.999866  294095.300036 3.9110000e+00
400  340462.902104  294221.350063 2.2150000e+00
401  340719.199904  294051.598663 4.0910000e+00
402  340953.457905  294154.692670 3.8110000e+00
403  340870.000055  294042.701246 3.6570000e+00
404  341025.999950  293971.301477 4.0380000e+00
405  341152.975956  294075.406860 2.6390000e+00
406  340628.120968  294218.228773 3.4870000e+00
407  340781.101123  294205.740332 2.6230000e+00
408  341348.293288  294026.119585 3.4130000e+00
409  341556.212080  293968.264251 3.1160000e+00
410  346387.399946  290624.300897 1.5259000e+01
411  346676.900065  290608.700576 1.6445000e+01
412  346872.799857  290804.999359 1.8069000e+01
413  347139.100118  290752.998985 1.8730000e+01
414  346600.400121  290858.899455 1.7506000e+01
415  346814.899857  291077.599974 1.2160000e+01
416  347063.300097  291027.699198 1.2166000e+01
417  346567.600092  291128.999344 1.2591000e+01
418  347438.299954  290702.700818 1.7810000e+01
419  347764.200094  290667.501384 1.8067000e+01
420  348494.399982  290856.699370 1.5006000e+01
421  348136.100078  290707.400923 1.6583000e+01
422  348900.988462  290840.541931 1.7152000e+01
423  347589.899905  290957.800523 1.2458000e+01
424  348837.242126  291191.886987 1.4069000e+01
425  347883.599948  290959.801485 1.2607000e+01
426  347316.700044  290984.498845 1.1760000e+01
427  349287.119641  290888.413176 2.0252000e+01
428  349172.531333  291186.663023 1.7707000e+01
429  348188.400011  291053.800323 1.1765000e+01
430  346787.900032  291353.399906 8.8950000e+00
431  347018.699852  291302.100434 9.0480000e+00
432  347223.899984  291276.500030 9.2250000e+00
433  346557.099969  291404.699519 8.8340000e+00
434  346908.399889  291575.800316 7.3750000e+00
435  346693.499857  291627.101052 7.3090000e+00
436  347132.199850  291529.399448 7.1260000e+00
437  347429.000128  291250.799250 9.1060000e+00
438  347656.899928  291251.800179 9.2010000e+00
439  348474.100143  291239.500781 1.1459000e+01
440  348717.099999  291507.899328 5.4060000e+00
441  347884.700013  291252.700752 9.4150000e+00
442  347569.200116  291445.100824 7.4720000e+00
443  348149.400048  291385.998517 8.3740000e+00
444  348377.835619  291585.736607 5.0370000e+00
445  347823.200081  291518.099835 6.9650000e+00
446  347352.499863  291498.401349 7.0180000e+00
447  349019.600052  291452.398651 4.0150000e+00
448  350008.320901  290651.611836 1.3130000e+01
449  350042.846080  290429.634699 9.0580000e+00
450  349460.202474  290581.978177 1.8964000e+01
451  350591.218456  290862.502973 7.3330000e+00
452  351087.843112  290798.940112 5.0810000e+00
453  350299.040239  290651.943786 9.2950000e+00
454  349791.932555  290705.946792 1.8079000e+01
455  349652.317914  291011.036179 2.4601000e+01
456  350084.045019  290903.092178 1.4671000e+01
457  350240.342809  290905.974816 1.2948000e+01
458  351522.046158  290684.886557 5.4470000e+00
459  352820.262645  290670.990484 2.2700000e+00
460  352396.373039  290669.856966 2.2660000e+00
461  352409.454359  290543.035526 4.2830000e+00
462  352394.253167  290822.056619 1.8710000e+00
463  351468.652958  291051.745910 3.8170000e+00
464  351716.186892  290850.125905 3.1180000e+00
465  351995.785446  291036.152770 5.5060000e+00
466  352861.579185  290903.114459 4.9830000e+00
467  350889.412512  291036.486413 6.9600000e+00
468  353090.866118  290748.299487 3.6060000e+00
469  349491.320816  291257.287707 2.1745000e+01
470  350293.640929  291186.865989 1.3957000e+01
471  350776.623756  291323.487259 9.5660000e+00
472  350509.019309  291138.967565 9.2740000e+00
473  349975.592657  291249.338967 2.1554000e+01
474  349309.200028  291474.100064 3.0450000e+00
475  349811.980243  291421.354704 2.5016000e+01
476  350250.183580  291582.775951 1.5882000e+01
477  350540.608251  291439.594387 1.3375000e+01
478  351131.587919  291289.596321 8.5680000e+00
479  352412.144402  291204.563100 9.6430000e+00
480  352426.454406  290953.948242 5.0340000e+00
481  352853.206511  291119.222618 1.1389000e+01
482  351971.076233  291297.396990 9.3440000e+00
483  350779.274751  291632.202418 1.2881000e+01
484  351474.945493  291347.313382 8.7330000e+00
485  352109.742968  291552.618904 8.0850000e+00
486  352541.150749  291450.696033 7.0140000e+00
487  351675.028950  291639.397235 1.0029000e+01
488  353291.959919  291051.987200 1.3348000e+01
489  351226.915397  291663.204084 1.1322000e+01
490  349643.503535  291568.868759 4.7540000e+00
491  346488.599946  291627.599239 7.6390000e+00
492  347029.599986  291770.401124 6.0110000e+00
493  347252.799868  291756.099250 6.0900000e+00
494  346555.299939  291878.298796 5.8470000e+00
495  346810.500078  291877.001027 5.9520000e+00
496  347530.499969  291670.100500 6.2770000e+00
497  347402.500144  291923.999686 4.3230000e+00
498  347723.900056  291814.099726 4.0530000e+00
499  348045.300093  291704.099478 4.6050000e+00
500  350067.454439  291723.068632 2.2317000e+01
501  349898.420948  291839.279700 3.8030000e+00
502  350298.363682  291922.248106 1.7161000e+01
503  346665.400101  292176.198718 5.0610000e+00
504  347049.600041  292044.799923 2.1350000e+00
505  350170.092336  291972.924583 1.0819827e+01
506  350018.600132  292075.599887 2.6700000e+00
507  350521.407320  291798.748268 1.4293000e+01
508  350493.212851  292073.094262 1.6357000e+01
509  350738.599361  292033.332675 1.4676000e+01
510  350356.030480  292203.098987 5.0580000e+00
511  350131.541528  292320.566530 -1.2000000e-02
512  350225.223309  292134.326219 4.5209504e+00
513  350297.700097  292371.199914 -6.0300000e-01
514  350616.300073  292385.998835 3.1280000e+00
515  350932.314888  291901.363799 1.3590000e+01
516  351364.831775  291941.121079 1.2029000e+01
517  350714.199546  292259.717190 1.5472000e+01
518  350945.534115  292285.600358 1.6707000e+01
519  351074.031808  292176.703144 9.9200000e+00
520  351219.379743  292450.132306 1.0088000e+01
521  351531.455973  292233.367291 8.4740000e+00
522  350896.788998  292448.420017 1.8646000e+01
523  351824.772326  291957.601500 1.2287000e+01
524  352456.997520  291629.399931 3.9190000e+00
525  352222.491985  291718.403744 8.8970000e+00
526  352767.252440  291814.519333 9.7650000e+00
527  352355.050052  292006.608570 1.1753000e+01
528  352065.939715  292315.459714 8.8760000e+00
529  352628.829768  292318.354142 9.1810000e+00
530  352883.507156  292066.849241 1.1831000e+01
531  352967.408598  291329.107917 7.4120000e+00
532  351650.027029  292521.861045 6.4460000e+00
533  350824.559313  292569.960516 2.5940000e+00
534  351123.176506  292523.404563 1.4687000e+01
535  351284.052457  292743.850889 1.2859000e+01
536  351039.563352  292609.423449 1.4293000e+01
537  350974.014682  292710.936755 4.5800000e+00
538  351169.922582  292795.010219 1.3773000e+01
539  351279.274993  293075.162916 2.3770000e+00
540  351067.049459  292855.915697 2.7610000e+00
541  351371.302384  293030.216501 9.1330000e+00
542  351404.124624  292698.763475 7.8030000e+00
543  351624.841092  292674.538303 7.2010000e+00
544  351470.307457  292591.441999 7.4600000e+00
545  352184.567903  292648.867544 3.3120000e+00
546  352717.524842  292606.258522 3.7030000e+00
547  353192.478372  292354.453322 9.7240000e+00
548  352634.487173  292902.996456 3.5330000e+00
549  351463.329794  292985.273147 1.4216000e+01
550  351582.574329  292801.936113 7.0380000e+00
551  352093.568299  292855.657239 6.4680000e+00
552  352526.228968  293071.529011 5.9280000e+00
553  351852.556109  292944.890673 7.0030000e+00
554  353050.209515  293055.375553 3.1750000e+00
555  353262.829252  290577.416113 2.6390000e+00
556  353641.027956  290333.183468 2.5380000e+00
557  353613.271128  290671.199319 4.2070000e+00
558  354156.432480  290740.308606 6.5170000e+00
559  353299.902126  290911.088641 7.5880000e+00
560  354241.974862  290871.006536 8.8170000e+00
561  353732.149240  290850.406408 9.9160000e+00
562  354641.962925  290731.788947 7.4120000e+00
563  355013.232148  290552.633978 5.7900000e+00
564  354694.495697  290832.699024 2.9300000e+00
565  355076.622632  290662.562464 2.4770000e+00
566  355818.832515  290596.513342 8.5500000e-01
567  355149.596119  290990.698485 2.5180000e+00
568  355564.985058  290975.175818 2.6750000e+00
569  355413.048813  290681.473330 1.0200000e+00
570  354318.817037  291020.776155 2.3100000e+00
571  353385.345522  291181.475984 7.9750000e+00
572  353846.067494  291061.684751 6.7850000e+00
573  353781.016198  290965.777476 1.0863000e+01
574  353873.478807  291374.353385 4.8950000e+00
575  353486.664003  291562.222382 3.7320000e+00
576  354806.992233  291432.755189 5.7930000e+00
577  354734.318364  291008.909084 2.3920000e+00
578  355979.891391  290950.445500 2.4560000e+00
579  355626.932503  291471.995508 5.3910000e+00
580  355216.644418  291458.570156 4.9540000e+00
581  354396.676545  291436.251373 5.2020000e+00
582  353863.487010  291961.166109 1.0075000e+01
583  353315.822883  291883.611134 1.0692000e+01
584  354410.623080  292042.363446 1.0052000e+01
585  354256.731910  291708.746099 2.6830000e+00
586  354801.321524  291738.367162 2.9690000e+00
587  353396.541666  292062.572084 1.2617000e+01
588  353920.976841  292131.403578 1.3535000e+01
589  354434.641126  292192.561166 1.3737000e+01
590  353440.956159  292267.107542 1.1757000e+01
591  354962.407745  292079.314189 9.4090000e+00
592  355332.003275  291782.712810 3.1310000e+00
593  356037.122706  291487.709732 5.7230000e+00
594  355844.167455  291792.660389 2.9370000e+00
595  354953.093479  292223.516181 1.1431000e+01
596  355515.430020  292092.323641 6.9990000e+00
597  356050.121478  292283.050904 3.5950000e+00
598  355479.318366  292239.115276 9.2770000e+00
599  356068.585480  292097.164446 6.8340000e+00
600  353933.697353  292330.405441 1.2777000e+01
601  353252.000845  292612.393825 4.9160000e+00
602  353757.768336  292524.969361 5.7980000e+00
603  354402.138087  292371.110561 1.0805000e+01
604  354231.315627  292538.578971 7.4660000e+00
605  353771.221612  292723.973240 2.7930000e+00
606  354188.450057  292709.937765 4.1820000e+00
607  354605.801975  292730.526986 5.2930000e+00
608  353951.262659  293112.967872 2.8910000e+00
609  355178.124388  292584.850701 5.0810000e+00
610  354873.837108  292398.135581 9.0550000e+00
611  354703.212465  292569.059095 7.3320000e+00
612  355360.234003  292420.888432 8.1350000e+00
613  355951.737486  292523.713860 6.6090000e+00
614  355853.806597  292764.236200 4.6480000e+00
615  355023.483810  292743.882601 4.7770000e+00
616  355293.360277  293250.948181 4.9060000e+00
617  355721.540030  292986.675410 2.2730000e+00
618  354996.709108  293029.244210 5.3100000e+00
619  354448.193653  293051.676372 3.8780000e+00
620  353415.298592  293131.611566 3.0180000e+00
621  351381.100105  293233.101281 3.4020000e+00
622  351555.357219  292940.326758 1.5213000e+01
623  351621.699890  293123.549854 1.0337000e+01
624  351498.376037  293180.251856 8.0980000e+00
625  351524.739099  293309.645060 5.0830490e+00
626  351654.913184  293289.969268 7.6830000e+00
627  351784.025584  293224.030681 1.0476000e+01
628  351734.167163  293471.586790 3.1080000e+00
629  351260.927796  293424.678128 1.3710000e+00
630  351746.997021  293073.931057 9.4550000e+00
631  351916.480155  293171.628139 1.0497000e+01
632  352073.169981  293275.732874 1.2307000e+01
633  352095.582906  293075.428433 6.9660000e+00
634  352356.549027  293139.036705 6.9720000e+00
635  352305.627961  293269.679245 6.9340000e+00
636  351833.715593  293408.011544 8.5780000e+00
637  351950.948037  293331.696565 1.2580000e+01
638  352242.648388  293366.726452 1.1679000e+01
639  352429.837332  293512.860673 1.0279000e+01
640  352126.471659  293424.264379 1.5963000e+01
641  352535.220290  293440.301835 5.3270000e+00
642  351501.111539  293451.363570 2.4129669e+00
643  351362.599918  293588.000690 -6.1600000e-01
644  351929.859380  293575.969646 2.2300000e+00
645  351622.500069  293638.799131 6.1000000e-02
646  352097.544311  293717.850905 3.6999997e-02
647  351896.726048  293692.086660 -4.9100000e-01
648  352017.096013  293509.005293 7.2420000e+00
649  352185.441529  293652.650439 4.0340000e+00
650  352303.407210  293565.380789 1.4935000e+01
651  352426.592879  293669.788623 1.2718000e+01
652  352426.175008  293843.403564 1.4960000e+01
653  352535.820805  293787.917872 1.3053000e+01
654  352334.618470  293737.801224 3.9490000e+00
655  352270.289993  293786.695887 4.6990000e+00
656  352346.909826  293888.624363 8.0480000e+00
657  352435.972587  294018.675232 4.6550000e+00
658  352529.868057  293640.771287 1.1995000e+01
659  352583.775184  293292.901900 6.4530000e+00
660  352933.325621  293235.538482 6.1640000e+00
661  353189.289940  293481.608291 7.1430000e+00
662  353287.479358  293333.279079 5.5710000e+00
663  352846.573493  293365.708476 7.2330000e+00
664  352814.578111  293506.530668 5.9550000e+00
665  353135.901935  293632.552108 6.4730000e+00
666  353482.918925  293759.927690 6.6100000e+00
667  352785.520696  293648.216199 3.7570000e+00
668  353757.081680  293376.289375 4.0320000e+00
669  354366.813317  293476.790305 4.1800000e+00
670  354140.486365  293309.845208 3.6950000e+00
671  354725.131319  293253.730096 4.0380000e+00
672  353601.995613  293573.154511 6.3130000e+00
673  353973.039648  293579.980108 4.6660000e+00
674  354193.302807  293717.207634 4.5140000e+00
675  354593.370567  293643.433678 4.1220000e+00
676  353835.556249  293785.621055 6.3540000e+00
677  352512.686641  293969.260339 1.0782000e+01
678  352654.874948  293754.648346 8.1570000e+00
679  352765.244822  293781.763030 3.0530000e+00
680  352899.285429  293864.730351 2.4370000e+00
681  352614.448059  293914.045122 1.0943000e+01
682  352726.252697  293867.038114 6.9020000e+00
683  352626.044857  294131.685462 1.3065000e+01
684  352804.947904  293986.126545 5.3550000e+00
685  353076.544476  293776.777989 4.0770000e+00
686  353044.284321  293933.301906 2.5370000e+00
687  352710.653614  294064.141143 8.0720000e+00
688  352946.379546  294025.615895 3.4370000e+00
689  353346.959053  293935.248986 3.5850000e+00
690  354046.612280  293902.079493 6.2790000e+00
691  354410.322568  293863.414206 4.5690000e+00
692  353723.643940  293974.915291 5.3660000e+00
693  353176.751557  293942.893157 2.9690000e+00
694  353232.833878  294079.392822 3.7680000e+00
695  354251.291276  294034.122143 6.1100000e+00
696  354829.870049  293795.072637 5.0480000e+00
697  354573.314173  294068.981134 4.8810000e+00
698  353919.123391  294067.619764 5.4660000e+00
699  354938.264256  293442.989262 4.2270000e+00
700  353083.732197  294065.723564 3.7540000e+00
701  352876.323087  294094.859771 6.0470000e+00
702  352558.890627  294197.152048 4.7030000e+00
703  352771.007055  294258.560063 1.1627000e+01
704  352821.846095  294190.270738 1.0895000e+01
705  352961.293010  294249.665068 1.1336000e+01
706  352917.431087  294321.974871 1.1443000e+01
707  352730.225567  294330.194391 7.5130000e+00
708  353012.568071  294156.319177 6.8940000e+00
709  353131.733140  294193.718076 7.2050000e+00
710  353322.489626  294210.348477 6.6000000e+00
711  353382.580997  294096.757835 3.9990000e+00
712  353567.800044  294244.310693 7.2760000e+00
713  353455.329386  294193.499910 5.8600000e+00
714  353584.797058  294146.792085 4.6940000e+00
715  353085.825137  294283.952285 1.1429000e+01
716  353313.755089  294278.898836 9.4370000e+00
717  353234.123019  294207.056249 6.8880000e+00
718  353443.388176  294274.204260 8.9610000e+00
719  353207.859156  294272.949171 1.0144000e+01
720  352886.892361  294401.390637 7.7920000e+00
721  353049.813046  294358.118550 1.2690000e+01
722  353189.030799  294324.244519 1.1141000e+01
723  353175.518161  294385.128536 1.1600000e+01
724  353029.826612  294442.125250 6.4920000e+00
725  353176.394214  294449.034700 4.3110000e+00
726  353315.799280  294397.645887 1.0873000e+01
727  353310.810149  294331.667410 1.0680000e+01
728  353440.839355  294336.385053 9.9680000e+00
729  353564.499372  294319.271528 9.7850000e+00
730  353339.043295  294467.253331 5.5700000e+00
731  353446.315756  294417.656587 1.0162000e+01
732  353567.920679  294421.346987 9.8220000e+00
733  353472.603860  294503.073370 5.6440000e+00
734  353741.674602  294281.477931 7.9330000e+00
735  353757.380476  294210.597942 5.4890000e+00
736  353894.257541  294353.929731 1.0342000e+01
737  353917.015579  294301.940072 7.2040000e+00
738  353735.200695  294338.520917 1.0276000e+01
739  353594.139891  294528.666357 3.4390000e+00
740  353733.395748  294411.625050 1.1046000e+01
741  353876.639593  294398.346936 1.1774000e+01
742  354056.057971  294422.237433 1.0503000e+01
743  353861.478579  294450.514299 1.0915000e+01
744  354105.450797  294182.034971 5.6690000e+00
745  354353.642042  294281.292056 5.8140000e+00
746  354839.833208  294175.649011 4.8270000e+00
747  354624.779369  294370.390114 6.0790000e+00
748  354900.283314  294450.063811 4.7470000e+00
749  354576.251718  294515.129354 4.1310000e+00
750  354312.025477  294478.037618 6.4770000e+00
751  354030.760702  294494.202498 1.0596000e+01
752  355107.336779  294279.854352 5.0360000e+00
753  353746.051374  294487.723875 6.5940000e+00
754  353854.704371  294504.644438 9.1660000e+00
755  354007.095323  294561.522678 1.0051000e+01
756  354222.218844  294555.823156 7.4170605e+00
757  354164.144400  294808.106965 4.7930000e+00
758  354278.785963  294748.395283 7.4440000e+00
759  354309.589846  294607.821209 5.9000000e+00
760  354444.901302  294587.860271 5.1610000e+00
761  354537.794604  294707.896208 5.6110000e+00
762  354902.631267  294660.461227 2.7660000e+00
763  354420.443162  294745.039810 5.6790000e+00
764  354385.668900  294887.767744 5.8350000e+00
765  354487.962712  294897.675300 5.0260000e+00
766  354775.881756  294942.643267 5.0270000e+00
767  354907.397302  294826.853924 5.1720000e+00
768  355245.239872  294769.216111 2.8230000e+00
769  354523.441696  295109.917426 2.4741011e+00
770  355240.620191  294622.097576 3.8010000e+00
771  355080.001147  293923.629921 5.3290000e+00
772  356018.228286  293055.073785 2.8480000e+00
773  355900.133745  293254.802342 2.3650000e+00
774  355159.250945  293621.685009 5.0800000e+00
775  355718.382076  293654.317279 5.7550000e+00
776  355492.297748  293466.394901 5.1820000e+00
777  355399.042754  293774.921887 5.5040000e+00
778  355327.116337  294057.872216 5.4660000e+00
779  355636.104063  293934.632758 6.0780000e+00
780  355407.565045  294438.258081 5.5280000e+00
781  355569.385093  294200.716811 5.7440000e+00
782  355610.410507  294744.118830 4.2330000e+00
783  355063.534915  295013.932434 5.6080000e+00
784  355286.309465  294931.024313 5.0920000e+00
785  355637.986322  294877.970994 3.2290000e+00
786  336994.091743  294964.801151 1.3920000e+00
787  354727.902786  295089.914037 2.5900000e+00
788  355025.061833  295143.407866 2.2170000e+00
789  355356.890696  295053.558701 5.7000000e+00
790  355676.599717  294990.191031 4.4080000e+00
791  354287.486433  295073.209670 2.4730000e+00
792  354439.570100  295345.423175 2.6450000e+00
793  355327.038079  295160.790655 2.2360000e+00
794  355652.720997  295085.641986 5.5200000e+00
795  355628.842288  295181.092916 2.3610000e+00
796  354623.316646  295309.601316 2.2083711e+00
797  354631.150191  295591.140053 2.0720000e+00
798  354864.460397  295425.557258 1.1950000e+00
799  355181.940049  295536.313765 1.1460000e+00
800  354943.024210  295886.517047 7.4200000e-01
801  355356.555240  296005.387756 6.4600000e-01
802  355516.963496  295567.036133 1.2290000e+00
1 3 1 2 3
2 3 2 4 5
3 3 1 3 6
4 3 7 1 6
5 3 6 8 7
6 3 8 9 10
7 3 11 12 10
8 3 8 10 7
9 3 7 10 12
10 3 13 1 14
11 3 13 2 1
12 3 15 14 12
13 3 12 14 1
14 3 11 16 12
15 3 15 12 16
16 3 1 7 12
17 3 4 2 13
18 3 17 8 6
19 3 10 9 18
20 3 14 4 13
21 3 16 19 15
22 3 20 21 5
23 3 22 4 23
24 3 23 15 24
25 3 23 4 14
26 3 25 26 24
27 3 22 23 26
28 3 4 20 5
29 3 26 23 24
30 3 25 27 26
31 3 24 15 28
32 3 22 20 4
33 3 15 23 14
34 3 29 30 31
35 3 32 33 34
36 3 35 36 37
37 3 30 37 38
38 3 39 32 29
39 3 40 41 34
40 3 42 36 35
41 3 43 44 45
42 3 46 47 48
43 3 49 50 46
44 3 51 42 44
45 3 52 53 54
46 3 55 56 57
47 3 55 58 56
48 3 49 59 60
49 3 60 59 53
50 3 58 61 56
51 3 62 63 64
52 3 65 64 66
53 3 64 63 66
54 3 66 67 68
55 3 69 68 67
56 3 70 61 65
57 3 65 61 64
58 3 68 71 72
59 3 71 68 69
60 3 73 72 71
61 3 65 68 70
62 3 65 66 68
63 3 56 61 74
64 3 69 75 71
65 3 61 58 64
66 3 73 71 75
67 3 58 62 64
68 3 68 72 70
69 3 76 77 78
70 3 79 80 78
71 3 81 80 79
72 3 81 82 83
73 3 84 85 86
74 3 81 83 87
75 3 87 83 84
76 3 76 78 80
77 3 80 81 88
78 3 84 89 87
79 3 89 84 86
80 3 90 89 86
81 3 87 89 88
82 3 81 87 88
83 3 91 88 89
84 3 85 92 86
85 3 81 79 82
86 3 93 80 88
87 3 94 95 96
88 3 97 98 99
89 3 98 97 100
90 3 101 99 98
91 3 102 97 99
92 3 103 100 97
93 3 104 105 106
94 3 107 106 108
95 3 101 105 109
96 3 107 104 106
97 3 110 109 104
98 3 110 99 109
99 3 107 111 104
100 3 111 107 112
101 3 111 112 113
102 3 110 104 114
103 3 109 105 104
104 3 102 99 110
105 3 107 115 112
106 3 109 99 101
107 3 111 114 104
108 3 116 117 118
109 3 97 119 103
110 3 103 118 100
111 3 120 119 121
112 3 116 118 103
113 3 119 97 102
114 3 122 103 119
115 3 123 116 124
116 3 116 123 117
117 3 125 124 122
118 3 122 124 116
119 3 122 116 103
120 3 119 120 126
121 3 122 119 126
122 3 94 96 123
123 3 119 102 121
124 3 123 96 117
125 3 127 121 128
126 3 128 121 102
127 3 111 129 114
128 3 129 111 113
129 3 129 113 130
130 3 128 114 131
131 3 102 110 128
132 3 129 131 114
133 3 132 133 127
134 3 127 133 121
135 3 129 134 131
136 3 134 129 130
137 3 134 130 135
138 3 127 131 136
139 3 127 128 131
140 3 134 136 131
141 3 130 113 137
142 3 121 133 120
143 3 114 128 110
144 3 138 120 133
145 3 130 139 135
146 3 124 140 123
147 3 141 142 143
148 3 94 144 95
149 3 145 146 92
150 3 145 141 146
151 3 147 143 148
152 3 146 141 147
153 3 149 148 143
154 3 146 147 150
155 3 141 143 147
156 3 148 150 147
157 3 143 142 144
158 3 145 92 85
159 3 144 151 149
160 3 151 144 94
161 3 123 152 94
162 3 123 140 152
163 3 151 152 153
164 3 94 152 151
165 3 142 95 144
166 3 154 152 140
167 3 148 149 155
168 3 149 151 156
169 3 157 158 153
170 3 156 151 158
171 3 158 151 153
172 3 159 153 154
173 3 152 154 153
174 3 156 158 160
175 3 154 161 162
176 3 144 149 143
177 3 156 155 149
178 3 92 163 164
179 3 92 146 163
180 3 163 150 165
181 3 150 148 166
182 3 146 150 163
183 3 165 150 166
184 3 167 168 164
185 3 164 168 92
186 3 169 170 165
187 3 170 164 163
188 3 166 171 165
189 3 166 172 171
190 3 163 165 170
191 3 168 90 86
192 3 166 155 172
193 3 168 86 92
194 3 158 173 160
195 3 174 156 160
196 3 175 157 159
197 3 158 157 173
198 3 166 148 155
199 3 173 157 176
200 3 157 153 159
201 3 162 177 159
202 3 178 174 160
203 3 174 155 156
204 3 160 173 179
205 3 157 175 176
206 3 180 175 177
207 3 181 176 175
208 3 159 177 175
209 3 172 174 182
210 3 162 183 177
211 3 155 174 172
212 3 154 162 159
213 3 176 179 173
214 3 154 140 184
215 3 185 125 126
216 3 124 125 186
217 3 187 188 189
218 3 138 188 126
219 3 120 138 126
220 3 185 126 188
221 3 190 184 186
222 3 186 184 140
223 3 191 192 185
224 3 192 186 125
225 3 187 185 188
226 3 190 186 192
227 3 125 185 192
228 3 185 187 191
229 3 188 138 189
230 3 186 140 124
231 3 193 194 132
232 3 194 189 138
233 3 134 195 136
234 3 195 134 135
235 3 195 135 196
236 3 132 136 197
237 3 133 194 138
238 3 195 197 136
239 3 187 189 198
240 3 189 194 199
241 3 200 193 197
242 3 199 194 193
243 3 196 197 195
244 3 199 193 201
245 3 132 197 193
246 3 196 200 197
247 3 135 202 196
248 3 133 132 194
249 3 136 132 127
250 3 199 198 189
251 3 161 190 203
252 3 190 161 184
253 3 190 204 203
254 3 190 192 204
255 3 204 191 205
256 3 203 204 206
257 3 191 204 192
258 3 161 203 183
259 3 177 183 207
260 3 183 203 208
261 3 208 203 206
262 3 209 210 205
263 3 204 205 206
264 3 205 191 209
265 3 183 162 161
266 3 211 209 198
267 3 209 191 187
268 3 212 201 200
269 3 213 199 201
270 3 214 200 196
271 3 198 199 213
272 3 187 198 209
273 3 214 212 200
274 3 213 211 198
275 3 213 201 212
276 3 209 211 210
277 3 201 193 200
278 3 196 215 214
279 3 161 154 184
280 3 125 122 126
281 3 216 164 170
282 3 217 113 112
283 3 207 183 208
284 3 18 218 219
285 3 18 11 10
286 3 220 221 222
287 3 223 224 225
288 3 226 225 227
289 3 221 224 228
290 3 220 229 230
291 3 11 219 19
292 3 11 18 219
293 3 231 232 229
294 3 232 219 218
295 3 233 232 218
296 3 219 232 234
297 3 19 235 236
298 3 19 219 235
299 3 232 237 234
300 3 235 219 234
301 3 238 237 231
302 3 235 234 239
303 3 231 237 232
304 3 237 239 234
305 3 232 233 229
306 3 19 28 15
307 3 222 240 231
308 3 233 230 229
309 3 241 228 223
310 3 228 222 221
311 3 220 222 229
312 3 242 223 226
313 3 228 224 223
314 3 222 228 240
315 3 243 240 241
316 3 240 228 241
317 3 244 242 245
318 3 242 244 241
319 3 245 242 226
320 3 246 244 245
321 3 223 242 241
322 3 240 238 231
323 3 245 226 247
324 3 222 231 229
325 3 225 226 223
326 3 241 244 243
327 3 226 227 247
328 3 248 249 250
329 3 251 252 247
330 3 252 251 253
331 3 249 248 253
332 3 248 250 254
333 3 252 248 255
334 3 253 248 252
335 3 254 255 248
336 3 250 256 254
337 3 251 247 227
338 3 257 258 259
339 3 259 77 260
340 3 256 258 261
341 3 260 257 259
342 3 262 254 261
343 3 262 261 263
344 3 263 257 264
345 3 263 261 258
346 3 265 266 264
347 3 263 264 262
348 3 258 257 263
349 3 254 262 267
350 3 265 264 257
351 3 261 254 256
352 3 264 268 262
353 3 269 270 245
354 3 247 252 269
355 3 271 255 272
356 3 272 255 254
357 3 273 272 274
358 3 269 255 275
359 3 252 255 269
360 3 273 271 272
361 3 276 270 275
362 3 275 270 269
363 3 277 278 271
364 3 278 275 255
365 3 279 271 273
366 3 280 275 278
367 3 255 271 278
368 3 246 245 270
369 3 273 281 279
370 3 245 247 269
371 3 282 273 274
372 3 274 267 268
373 3 268 266 283
374 3 268 267 262
375 3 284 285 286
376 3 274 268 287
377 3 267 272 254
378 3 287 268 283
379 3 288 281 282
380 3 281 273 282
381 3 287 286 289
382 3 286 287 283
383 3 289 286 285
384 3 287 289 282
385 3 282 274 287
386 3 279 281 290
387 3 291 286 283
388 3 274 272 267
389 3 266 268 264
390 3 289 288 282
391 3 257 260 265
392 3 277 271 279
393 3 28 236 292
394 3 28 19 236
395 3 237 293 239
396 3 235 239 294
397 3 238 293 237
398 3 235 294 236
399 3 25 292 295
400 3 25 28 292
401 3 239 296 294
402 3 297 292 236
403 3 298 296 293
404 3 297 236 294
405 3 293 296 239
406 3 296 299 294
407 3 293 238 300
408 3 25 24 28
409 3 301 302 243
410 3 302 238 240
411 3 246 276 303
412 3 246 270 276
413 3 304 303 305
414 3 243 246 306
415 3 240 243 302
416 3 303 306 246
417 3 298 300 307
418 3 300 298 293
419 3 308 307 301
420 3 307 300 302
421 3 307 302 301
422 3 306 309 301
423 3 243 306 301
424 3 296 298 310
425 3 306 303 311
426 3 302 300 238
427 3 244 246 243
428 3 307 312 298
429 3 295 292 313
430 3 313 297 314
431 3 297 294 299
432 3 292 297 313
433 3 314 297 299
434 3 315 316 317
435 3 317 316 299
436 3 299 310 317
437 3 318 312 307
438 3 307 308 318
439 3 319 309 311
440 3 308 301 309
441 3 309 306 311
442 3 309 320 308
443 3 296 310 299
444 3 321 311 304
445 3 322 312 318
446 3 312 310 298
447 3 308 323 318
448 3 320 309 319
449 3 311 321 319
450 3 317 312 315
451 3 304 324 321
452 3 310 312 317
453 3 304 311 303
454 3 308 320 323
455 3 303 276 305
456 3 280 325 305
457 3 280 278 325
458 3 325 277 326
459 3 277 279 327
460 3 277 325 278
461 3 326 277 327
462 3 328 324 304
463 3 305 325 328
464 3 329 330 326
465 3 328 325 330
466 3 331 326 327
467 3 328 330 332
468 3 325 326 330
469 3 326 331 329
470 3 331 327 333
471 3 280 305 276
472 3 290 334 335
473 3 334 290 288
474 3 289 336 288
475 3 336 289 285
476 3 334 336 337
477 3 288 336 334
478 3 279 290 327
479 3 338 336 285
480 3 333 327 335
481 3 335 334 339
482 3 340 337 338
483 3 339 334 337
484 3 341 342 338
485 3 339 337 343
486 3 336 338 337
487 3 339 344 335
488 3 341 338 285
489 3 290 335 327
490 3 275 280 276
491 3 338 342 340
492 3 345 332 329
493 3 332 324 328
494 3 346 329 331
495 3 345 329 346
496 3 331 333 346
497 3 332 330 329
498 3 344 339 343
499 3 340 343 337
500 3 328 304 305
501 3 290 281 288
502 3 347 283 266
503 3 11 19 16
504 3 76 93 265
505 3 76 80 93
506 3 91 90 348
507 3 88 91 349
508 3 90 91 89
509 3 88 349 93
510 3 350 347 266
511 3 265 93 350
512 3 349 91 351
513 3 352 91 348
514 3 353 352 348
515 3 350 349 354
516 3 93 349 350
517 3 91 352 351
518 3 90 355 348
519 3 76 265 260
520 3 356 355 167
521 3 90 168 355
522 3 170 357 216
523 3 357 170 169
524 3 358 357 359
525 3 167 216 360
526 3 167 355 168
527 3 357 360 216
528 3 361 362 356
529 3 356 362 355
530 3 363 364 360
531 3 364 356 167
532 3 358 360 357
533 3 365 356 364
534 3 167 360 364
535 3 358 363 360
536 3 358 366 367
537 3 355 362 348
538 3 164 216 167
539 3 362 353 348
540 3 368 354 351
541 3 351 354 349
542 3 369 370 371
543 3 370 351 352
544 3 353 370 352
545 3 372 351 370
546 3 347 373 374
547 3 347 354 373
548 3 375 368 372
549 3 373 354 368
550 3 369 372 370
551 3 373 368 376
552 3 351 372 368
553 3 369 375 372
554 3 370 353 371
555 3 354 347 350
556 3 377 378 361
557 3 353 362 378
558 3 379 365 363
559 3 361 356 365
560 3 367 363 358
561 3 361 365 380
562 3 371 353 378
563 3 363 367 379
564 3 377 381 378
565 3 381 371 378
566 3 380 379 382
567 3 379 380 365
568 3 380 382 377
569 3 361 380 377
570 3 371 383 369
571 3 361 378 362
572 3 363 365 364
573 3 384 377 382
574 3 359 357 169
575 3 347 291 283
576 3 172 385 171
577 3 172 182 385
578 3 386 182 178
579 3 182 174 178
580 3 179 178 160
581 3 387 178 179
582 3 388 389 385
583 3 385 389 171
584 3 179 390 387
585 3 182 391 385
586 3 390 179 176
587 3 178 387 386
588 3 181 390 176
589 3 389 359 169
590 3 181 175 180
591 3 177 207 180
592 3 359 392 366
593 3 359 389 392
594 3 392 389 388
595 3 391 182 386
596 3 385 391 388
597 3 366 358 359
598 3 389 169 171
599 3 77 76 260
600 3 291 393 284
601 3 393 291 374
602 3 374 394 393
603 3 374 373 394
604 3 291 347 374
605 3 393 394 395
606 3 341 284 396
607 3 341 285 284
608 3 393 396 284
609 3 393 395 396
610 3 395 397 396
611 3 398 341 396
612 3 394 399 395
613 3 399 400 395
614 3 394 376 399
615 3 286 291 284
616 3 401 376 375
617 3 394 373 376
618 3 402 403 404
619 3 404 403 375
620 3 404 375 369
621 3 405 404 383
622 3 383 404 369
623 3 401 375 403
624 3 406 401 407
625 3 406 399 401
626 3 403 407 401
627 3 403 402 407
628 3 404 405 402
629 3 401 399 376
630 3 375 376 368
631 3 399 406 400
632 3 398 396 397
633 3 397 395 400
634 3 405 383 408
635 3 342 341 398
636 3 381 384 409
637 3 381 377 384
638 3 409 408 381
639 3 381 408 383
640 3 371 381 383
641 3 265 350 266
642 3 165 171 169
643 3 41 410 108
644 3 41 411 410
645 3 411 40 412
646 3 33 40 34
647 3 41 40 411
648 3 413 40 33
649 3 115 410 414
650 3 115 107 410
651 3 412 415 414
652 3 414 410 411
653 3 414 411 412
654 3 413 416 412
655 3 40 413 412
656 3 417 115 414
657 3 33 418 413
658 3 115 217 112
659 3 419 39 31
660 3 420 38 36
661 3 38 31 30
662 3 36 42 51
663 3 421 31 38
664 3 36 38 37
665 3 51 422 36
666 3 423 418 419
667 3 419 418 39
668 3 38 420 421
669 3 420 36 422
670 3 420 422 424
671 3 419 421 425
672 3 419 31 421
673 3 413 418 426
674 3 422 427 428
675 3 39 418 33
676 3 39 33 32
677 3 421 420 429
678 3 430 417 415
679 3 415 417 414
680 3 415 416 431
681 3 426 416 413
682 3 415 412 416
683 3 426 432 416
684 3 217 433 137
685 3 217 417 433
686 3 434 430 431
687 3 433 417 430
688 3 430 415 431
689 3 435 433 430
690 3 416 432 431
691 3 431 432 436
692 3 426 437 432
693 3 417 217 115
694 3 438 423 425
695 3 425 423 419
696 3 424 439 420
697 3 429 425 421
698 3 424 440 439
699 3 441 425 429
700 3 428 424 422
701 3 429 420 439
702 3 442 437 438
703 3 437 423 438
704 3 429 443 441
705 3 441 438 425
706 3 444 443 439
707 3 438 441 445
708 3 443 429 439
709 3 432 437 446
710 3 447 424 428
711 3 423 437 426
712 3 426 418 423
713 3 441 443 445
714 3 422 51 427
715 3 217 137 113
716 3 448 43 449
717 3 44 43 450
718 3 451 47 452
719 3 453 48 47
720 3 50 47 46
721 3 449 48 453
722 3 450 454 455
723 3 450 43 454
724 3 456 448 453
725 3 454 43 448
726 3 451 453 47
727 3 454 448 456
728 3 449 453 448
729 3 451 457 453
730 3 47 50 452
731 3 450 51 44
732 3 53 458 60
733 3 53 52 458
734 3 459 460 461
735 3 461 460 52
736 3 52 54 461
737 3 52 460 462
738 3 463 452 458
739 3 458 452 60
740 3 52 464 458
741 3 464 52 465
742 3 462 459 466
743 3 465 52 462
744 3 460 459 462
745 3 451 452 467
746 3 459 468 466
747 3 60 452 50
748 3 449 43 45
749 3 464 463 458
750 3 427 455 469
751 3 427 450 455
752 3 470 456 457
753 3 456 453 457
754 3 471 472 467
755 3 455 456 473
756 3 456 455 454
757 3 472 470 457
758 3 428 469 474
759 3 469 455 475
760 3 476 473 470
761 3 475 455 473
762 3 472 477 470
763 3 473 476 475
764 3 456 470 473
765 3 472 471 477
766 3 457 451 472
767 3 427 469 428
768 3 452 478 467
769 3 451 467 472
770 3 479 465 480
771 3 465 463 464
772 3 463 478 452
773 3 481 480 466
774 3 465 462 480
775 3 463 465 482
776 3 471 478 483
777 3 478 463 484
778 3 485 482 479
779 3 484 463 482
780 3 482 465 479
781 3 486 479 481
782 3 480 481 479
783 3 484 482 487
784 3 466 488 481
785 3 467 478 471
786 3 480 462 466
787 3 484 489 478
788 3 450 427 51
789 3 50 49 60
790 3 490 469 475
791 3 435 491 433
792 3 430 434 435
793 3 492 434 436
794 3 446 436 432
795 3 431 436 434
796 3 493 436 446
797 3 494 139 491
798 3 491 139 137
799 3 435 434 495
800 3 493 446 496
801 3 497 493 496
802 3 494 491 435
803 3 137 433 491
804 3 436 493 492
805 3 446 442 496
806 3 135 139 202
807 3 496 445 498
808 3 442 438 445
809 3 439 440 444
810 3 447 428 474
811 3 447 440 424
812 3 444 499 443
813 3 499 445 443
814 3 500 501 475
815 3 500 475 476
816 3 500 476 502
817 3 499 498 445
818 3 474 469 490
819 3 445 496 442
820 3 442 446 437
821 3 475 501 490
822 3 494 495 503
823 3 494 435 495
824 3 495 492 504
825 3 496 498 497
826 3 434 492 495
827 3 493 497 504
828 3 215 202 503
829 3 215 196 202
830 3 494 503 202
831 3 495 504 503
832 3 493 504 492
833 3 494 202 139
834 3 501 505 506
835 3 501 500 505
836 3 502 507 508
837 3 505 500 502
838 3 508 507 509
839 3 505 502 510
840 3 510 502 508
841 3 511 506 512
842 3 512 510 513
843 3 512 506 505
844 3 514 513 510
845 3 512 513 511
846 3 505 510 512
847 3 510 508 514
848 3 502 476 507
849 3 476 477 507
850 3 130 137 139
851 3 507 483 509
852 3 477 471 483
853 3 515 489 516
854 3 489 515 483
855 3 489 483 478
856 3 509 483 515
857 3 517 509 518
858 3 517 508 509
859 3 519 520 518
860 3 519 518 509
861 3 519 509 515
862 3 521 519 516
863 3 515 516 519
864 3 517 518 522
865 3 489 487 516
866 3 508 517 514
867 3 523 487 485
868 3 484 487 489
869 3 485 524 525
870 3 524 485 486
871 3 524 486 526
872 3 525 524 527
873 3 485 487 482
874 3 523 485 525
875 3 521 523 528
876 3 521 516 523
877 3 529 528 527
878 3 527 528 523
879 3 527 523 525
880 3 530 529 527
881 3 524 526 527
882 3 520 519 521
883 3 526 486 531
884 3 523 516 487
885 3 479 486 485
886 3 532 521 528
887 3 533 514 522
888 3 518 534 522
889 3 522 514 517
890 3 534 520 535
891 3 533 522 536
892 3 534 518 520
893 3 536 522 534
894 3 537 536 538
895 3 536 537 533
896 3 538 539 540
897 3 538 540 537
898 3 538 536 534
899 3 535 541 538
900 3 534 535 538
901 3 520 542 535
902 3 543 544 532
903 3 544 520 521
904 3 545 529 546
905 3 545 532 528
906 3 547 546 529
907 3 545 546 548
908 3 521 532 544
909 3 543 532 545
910 3 535 542 549
911 3 550 542 543
912 3 545 551 543
913 3 552 551 545
914 3 551 553 543
915 3 550 543 553
916 3 542 544 543
917 3 542 550 549
918 3 548 546 554
919 3 544 542 520
920 3 545 528 529
921 3 548 552 545
922 3 526 530 527
923 3 507 477 483
924 3 470 477 476
925 3 531 486 481
926 3 107 108 410
927 3 555 556 557
928 3 56 74 558
929 3 557 556 57
930 3 557 559 555
931 3 555 559 468
932 3 560 558 74
933 3 57 561 557
934 3 562 74 70
935 3 562 560 74
936 3 56 558 57
937 3 57 558 561
938 3 556 55 57
939 3 563 564 562
940 3 70 72 563
941 3 563 73 565
942 3 70 74 61
943 3 73 75 566
944 3 567 564 565
945 3 565 564 563
946 3 568 569 566
947 3 569 565 73
948 3 567 565 569
949 3 73 566 569
950 3 563 562 70
951 3 73 563 72
952 3 564 570 562
953 3 571 559 561
954 3 561 559 557
955 3 558 572 573
956 3 573 561 558
957 3 572 558 560
958 3 571 561 573
959 3 531 488 571
960 3 481 488 531
961 3 571 572 574
962 3 571 488 559
963 3 570 574 572
964 3 531 571 575
965 3 573 572 571
966 3 575 571 574
967 3 572 560 570
968 3 488 468 559
969 3 567 576 577
970 3 564 577 570
971 3 566 578 568
972 3 577 564 567
973 3 579 568 578
974 3 560 562 570
975 3 568 580 567
976 3 570 581 574
977 3 570 577 581
978 3 567 569 568
979 3 488 466 468
980 3 582 583 575
981 3 530 526 583
982 3 584 585 586
983 3 582 574 585
984 3 574 581 585
985 3 575 574 582
986 3 547 530 587
987 3 530 583 587
988 3 585 588 582
989 3 588 585 584
990 3 588 584 589
991 3 587 582 590
992 3 583 582 587
993 3 582 588 590
994 3 585 581 586
995 3 583 531 575
996 3 586 576 580
997 3 591 584 586
998 3 592 580 579
999 3 579 580 568
1000 3 593 579 578
1001 3 580 592 586
1002 3 580 576 567
1003 3 594 579 593
1004 3 595 589 591
1005 3 584 591 589
1006 3 592 594 596
1007 3 594 592 579
1008 3 597 598 596
1009 3 592 596 591
1010 3 586 592 591
1011 3 598 591 596
1012 3 596 594 599
1013 3 586 581 576
1014 3 577 576 581
1015 3 600 588 589
1016 3 601 547 590
1017 3 590 547 587
1018 3 602 590 600
1019 3 603 600 589
1020 3 590 588 600
1021 3 604 600 603
1022 3 601 602 605
1023 3 602 601 590
1024 3 602 606 605
1025 3 606 602 604
1026 3 607 606 604
1027 3 608 605 606
1028 3 602 600 604
1029 3 554 546 601
1030 3 604 603 607
1031 3 601 546 547
1032 3 609 610 595
1033 3 610 611 603
1034 3 612 598 613
1035 3 598 612 595
1036 3 597 613 598
1037 3 609 595 612
1038 3 595 591 598
1039 3 614 612 613
1040 3 607 611 615
1041 3 611 607 603
1042 3 616 615 609
1043 3 615 611 610
1044 3 612 617 609
1045 3 615 618 607
1046 3 610 609 615
1047 3 619 606 607
1048 3 603 589 610
1049 3 610 589 595
1050 3 617 612 614
1051 3 547 529 530
1052 3 599 597 596
1053 3 601 605 620
1054 3 583 526 531
1055 3 31 39 29
1056 3 621 539 541
1057 3 541 539 538
1058 3 549 622 623
1059 3 549 541 535
1060 3 550 622 549
1061 3 624 541 549
1062 3 621 624 625
1063 3 621 541 624
1064 3 624 626 625
1065 3 626 624 623
1066 3 626 623 627
1067 3 628 625 626
1068 3 549 623 624
1069 3 621 625 629
1070 3 622 630 623
1071 3 630 553 631
1072 3 553 630 622
1073 3 632 631 633
1074 3 633 631 553
1075 3 634 633 551
1076 3 635 633 634
1077 3 553 551 633
1078 3 630 631 627
1079 3 626 627 636
1080 3 627 631 637
1081 3 632 635 638
1082 3 637 631 632
1083 3 638 635 639
1084 3 637 632 640
1085 3 633 635 632
1086 3 637 636 627
1087 3 635 641 639
1088 3 630 627 623
1089 3 550 553 622
1090 3 638 640 632
1091 3 629 642 643
1092 3 629 625 642
1093 3 628 636 644
1094 3 628 642 625
1095 3 636 628 626
1096 3 642 628 645
1097 3 643 642 645
1098 3 646 647 644
1099 3 647 645 628
1100 3 647 628 644
1101 3 646 644 648
1102 3 648 644 636
1103 3 637 648 636
1104 3 649 646 648
1105 3 649 640 650
1106 3 650 639 651
1107 3 650 640 638
1108 3 652 651 653
1109 3 649 650 654
1110 3 638 639 650
1111 3 654 650 651
1112 3 646 649 655
1113 3 654 652 656
1114 3 652 654 651
1115 3 657 656 652
1116 3 654 656 655
1117 3 649 654 655
1118 3 651 639 658
1119 3 649 648 640
1120 3 637 640 648
1121 3 635 634 659
1122 3 659 641 635
1123 3 659 552 660
1124 3 661 660 662
1125 3 660 552 548
1126 3 552 634 551
1127 3 659 660 663
1128 3 658 641 664
1129 3 641 659 664
1130 3 661 665 664
1131 3 661 663 660
1132 3 666 665 661
1133 3 661 664 663
1134 3 659 663 664
1135 3 667 664 665
1136 3 660 554 662
1137 3 641 658 639
1138 3 668 620 608
1139 3 554 601 620
1140 3 669 670 619
1141 3 619 670 608
1142 3 619 607 671
1143 3 669 619 671
1144 3 608 620 605
1145 3 668 608 670
1146 3 662 672 661
1147 3 672 662 668
1148 3 670 673 668
1149 3 673 670 669
1150 3 673 669 674
1151 3 668 673 672
1152 3 662 620 668
1153 3 666 661 672
1154 3 671 675 669
1155 3 620 662 554
1156 3 554 660 548
1157 3 676 672 673
1158 3 653 677 652
1159 3 653 658 678
1160 3 678 667 679
1161 3 667 678 658
1162 3 679 667 680
1163 3 653 678 681
1164 3 664 667 658
1165 3 682 678 679
1166 3 683 677 681
1167 3 681 677 653
1168 3 684 682 680
1169 3 680 682 679
1170 3 685 686 680
1171 3 681 682 687
1172 3 681 678 682
1173 3 688 680 686
1174 3 680 667 685
1175 3 651 658 653
1176 3 685 665 689
1177 3 667 665 685
1178 3 676 673 690
1179 3 676 666 672
1180 3 665 666 689
1181 3 674 669 691
1182 3 674 690 673
1183 3 692 689 666
1184 3 693 689 694
1185 3 693 685 689
1186 3 690 674 695
1187 3 666 676 692
1188 3 691 696 697
1189 3 695 674 691
1190 3 691 675 696
1191 3 698 676 690
1192 3 696 675 699
1193 3 685 693 686
1194 3 691 669 675
1195 3 700 686 693
1196 3 675 671 699
1197 3 552 659 634
1198 3 608 606 619
1199 3 677 657 652
1200 3 677 683 657
1201 3 681 687 683
1202 3 687 684 701
1203 3 693 694 700
1204 3 682 684 687
1205 3 701 684 688
1206 3 702 683 703
1207 3 683 702 657
1208 3 683 704 703
1209 3 683 687 704
1210 3 705 704 701
1211 3 704 706 703
1212 3 687 701 704
1213 3 702 703 707
1214 3 708 701 688
1215 3 709 708 700
1216 3 700 708 688
1217 3 710 694 711
1218 3 711 694 689
1219 3 712 713 714
1220 3 709 700 694
1221 3 688 686 700
1222 3 713 710 711
1223 3 709 715 708
1224 3 708 715 705
1225 3 716 717 710
1226 3 717 709 694
1227 3 713 718 710
1228 3 709 717 719
1229 3 694 710 717
1230 3 706 704 705
1231 3 713 711 714
1232 3 708 705 701
1233 3 688 684 680
1234 3 713 712 718
1235 3 707 703 720
1236 3 703 706 720
1237 3 705 721 706
1238 3 722 715 719
1239 3 715 721 705
1240 3 722 723 715
1241 3 720 706 724
1242 3 723 725 724
1243 3 723 721 715
1244 3 726 725 723
1245 3 723 724 721
1246 3 706 721 724
1247 3 723 722 727
1248 3 727 726 723
1249 3 727 719 716
1250 3 728 716 718
1251 3 716 719 717
1252 3 729 718 712
1253 3 716 728 727
1254 3 710 718 716
1255 3 728 718 729
1256 3 730 725 726
1257 3 730 726 731
1258 3 728 732 731
1259 3 733 731 732
1260 3 731 733 730
1261 3 728 731 726
1262 3 726 727 728
1263 3 732 728 729
1264 3 722 719 727
1265 3 715 709 719
1266 3 712 734 729
1267 3 714 692 735
1268 3 714 711 689
1269 3 736 734 737
1270 3 734 712 735
1271 3 734 735 737
1272 3 738 729 734
1273 3 739 732 740
1274 3 740 732 738
1275 3 738 736 741
1276 3 736 738 734
1277 3 741 736 742
1278 3 738 741 740
1279 3 729 738 732
1280 3 743 740 741
1281 3 735 692 698
1282 3 712 714 735
1283 3 698 744 737
1284 3 698 690 744
1285 3 745 695 697
1286 3 690 695 744
1287 3 746 697 696
1288 3 695 745 744
1289 3 692 676 698
1290 3 747 697 746
1291 3 737 742 736
1292 3 737 744 742
1293 3 697 747 745
1294 3 747 746 748
1295 3 749 745 747
1296 3 742 745 750
1297 3 744 745 742
1298 3 742 751 741
1299 3 748 746 752
1300 3 698 737 735
1301 3 691 697 695
1302 3 748 749 747
1303 3 739 740 753
1304 3 754 743 751
1305 3 743 754 753
1306 3 743 741 751
1307 3 740 743 753
1308 3 755 754 751
1309 3 755 756 757
1310 3 756 755 751
1311 3 758 757 756
1312 3 756 759 758
1313 3 742 756 751
1314 3 759 750 760
1315 3 750 759 756
1316 3 761 760 749
1317 3 749 760 750
1318 3 762 749 748
1319 3 759 760 763
1320 3 750 745 749
1321 3 762 761 749
1322 3 764 763 765
1323 3 764 758 763
1324 3 766 765 761
1325 3 761 765 763
1326 3 767 761 762
1327 3 767 766 761
1328 3 763 760 761
1329 3 767 762 768
1330 3 763 758 759
1331 3 750 756 742
1332 3 765 769 764
1333 3 762 748 770
1334 3 732 739 733
1335 3 689 692 714
1336 3 746 696 771
1337 3 618 615 616
1338 3 607 618 671
1339 3 617 772 773
1340 3 614 772 617
1341 3 774 699 616
1342 3 616 699 618
1343 3 775 776 773
1344 3 776 616 617
1345 3 774 616 776
1346 3 617 773 776
1347 3 618 699 671
1348 3 617 616 609
1349 3 771 774 777
1350 3 771 696 774
1351 3 771 777 778
1352 3 777 774 776
1353 3 775 777 776
1354 3 779 777 775
1355 3 780 752 778
1356 3 778 752 771
1357 3 779 781 778
1358 3 778 777 779
1359 3 781 780 778
1360 3 752 746 771
1361 3 696 699 774
1362 3 782 770 780
1363 3 780 770 752
1364 3 782 768 770
1365 3 767 768 783
1366 3 784 768 782
1367 3 782 785 784
1368 3 768 762 770
1369 3 770 748 752
1370 3 312 322 315
1371 3 318 323 322
1372 3 316 315 786
1373 3 787 766 788
1374 3 766 767 783
1375 3 783 784 789
1376 3 785 790 789
1377 3 784 785 789
1378 3 791 769 792
1379 3 764 769 791
1380 3 789 793 783
1381 3 765 787 769
1382 3 794 789 790
1383 3 794 795 789
1384 3 788 766 783
1385 3 796 769 787
1386 3 797 792 796
1387 3 796 792 769
1388 3 787 798 796
1389 3 788 783 793
1390 3 787 788 798
1391 3 793 799 788
1392 3 797 798 800
1393 3 798 797 796
1394 3 801 800 799
1395 3 799 800 798
1396 3 799 798 788
1397 3 802 801 799
1398 3 793 802 799
1399 3 793 795 802
1400 3 795 793 789
1401 3 784 783 768
1402 3 765 766 787
1403 3 25 295 27
1404 3 757 758 764
1405 3 757 764 791
