04/23/2012 00:00:00 PST
0 40
9
Z0
0.000000e+00 1.000000e+00 0.000000e+00
O1
6.759774e-05 9.512600e-01 2.961375e+02
K1
7.292116e-05 9.677900e-01 2.504334e+02
Q1
6.495457e-05 9.292200e-01 1.025105e+02
P1
7.251056e-05 1.004690e+00 3.587662e+02
K2
1.458423e-04 9.082800e-01 3.205872e+02
N2
1.378797e-04 1.012450e+00 3.579978e+02
M2
1.405189e-04 1.013830e+00 1.912033e+02
S2
1.454441e-04 9.990100e-01 2.398973e+02
4
3 3 0 0 0 !Georgia
Z0
  0.1588697      0.0000000E+00  Invalid
  0.1588697      0.0000000E+00  Invalid
  0.1588697      0.0000000E+00  Invalid
O1
  0.361010244736185        281.862897925879     
  0.360658570201652        281.918304800627     
  0.360767937747577        281.968363773784     
K1
  0.731198690389454        300.229849446855     
  0.730664362601750        300.263447219423     
  0.730603448968063        300.301586371500     
Q1
  6.358066672674305E-002   298.051280109961     
  6.358033902000826E-002   298.116346620652     
  6.362868715937876E-002   298.120982707985     
P1
  0.241773690093240        325.893499351361     
  0.241691734187240        325.951834454855     
  0.241770339288472        325.978877212615     
K2
  0.109666644055323        75.4824005267535     
  0.109435244658411        75.4826521257157     
  0.109358042508132        75.4935386612647     
N2
  0.201923753505875        5.49754931440142     
  0.201794142089384        5.47850044171853     
  0.201749078693820        5.49340512396745     
M2
   1.00310116171124        41.0026811702627     
   1.00256140852102        40.9721788665039     
   1.00228795164078        40.9782435944292     
S2
  0.257141119666544        73.0851938166996     
  0.256929072045853        73.0350408447463     
  0.256821234264747        73.0340569702879     
88 3 0 0 0 !Ocean
Z0
  0.1089108      0.0000000E+00  Invalid
  0.1054105      0.0000000E+00
  0.1030531      0.0000000E+00
  0.1065859      0.0000000E+00
  0.1130707      0.0000000E+00
  0.1176063      0.0000000E+00
  0.1264356      0.0000000E+00
  0.1304389      0.0000000E+00
  0.1320117      0.0000000E+00
  0.1274385      0.0000000E+00
  0.1191448      0.0000000E+00
  0.1127943      0.0000000E+00
  0.1096731      0.0000000E+00
  0.1088303      0.0000000E+00
  0.1095002      0.0000000E+00
  0.1120188      0.0000000E+00
  0.1135495      0.0000000E+00
  0.1082458      0.0000000E+00
  9.7119413E-02  0.0000000E+00
  8.5581362E-02  0.0000000E+00
  7.2199926E-02  0.0000000E+00
  6.0380697E-02  0.0000000E+00
  6.2474839E-02  0.0000000E+00
  5.9386432E-02  0.0000000E+00
  5.3677969E-02  0.0000000E+00
  4.8495673E-02  0.0000000E+00
  4.5481227E-02  0.0000000E+00
  4.5261648E-02  0.0000000E+00
  4.8002884E-02  0.0000000E+00
  4.9643401E-02  0.0000000E+00
  5.1046059E-02  0.0000000E+00
  5.1692702E-02  0.0000000E+00
  5.1000744E-02  0.0000000E+00
  5.3094022E-02  0.0000000E+00
  5.5818990E-02  0.0000000E+00
  5.4712936E-02  0.0000000E+00
  6.0896467E-02  0.0000000E+00
  6.7793757E-02  0.0000000E+00
  7.3013633E-02  0.0000000E+00
  7.4428201E-02  0.0000000E+00
  7.0326500E-02  0.0000000E+00
  6.2684774E-02  0.0000000E+00
  5.7062320E-02  0.0000000E+00
  5.3381681E-02  0.0000000E+00
  5.1209763E-02  0.0000000E+00
  5.0068859E-02  0.0000000E+00
  4.6628937E-02  0.0000000E+00
  3.8613416E-02  0.0000000E+00
  2.8682562E-02  0.0000000E+00
  1.9363478E-02  0.0000000E+00
  5.9460517E-04  0.0000000E+00
 -4.7059073E-03  0.0000000E+00
 -3.8032918E-03  0.0000000E+00
  3.2593382E-03  0.0000000E+00
  1.7376749E-02  0.0000000E+00
  3.2358874E-02  0.0000000E+00
  5.1184397E-02  0.0000000E+00
  7.4976131E-02  0.0000000E+00
  7.6541454E-02  0.0000000E+00
  7.2161220E-02  0.0000000E+00
  4.8751984E-02  0.0000000E+00
  3.2706201E-02  0.0000000E+00
  1.4728621E-02  0.0000000E+00
 -1.3078676E-02  0.0000000E+00
 -1.9971631E-02  0.0000000E+00
 -1.7303480E-02  0.0000000E+00
 -5.0108265E-03  0.0000000E+00
  1.7847091E-02  0.0000000E+00
  3.8719382E-02  0.0000000E+00
  4.8342034E-02  0.0000000E+00
  5.7079058E-02  0.0000000E+00
  6.9457844E-02  0.0000000E+00
  7.5305596E-02  0.0000000E+00
  7.6372594E-02  0.0000000E+00
  7.4573420E-02  0.0000000E+00
  7.3448569E-02  0.0000000E+00
  7.3077120E-02  0.0000000E+00
  7.2511196E-02  0.0000000E+00
  6.8299115E-02  0.0000000E+00
  5.9989907E-02  0.0000000E+00
  5.2935213E-02  0.0000000E+00
  4.4208251E-02  0.0000000E+00
  3.7123747E-02  0.0000000E+00
  3.1748034E-02  0.0000000E+00
  2.2751078E-02  0.0000000E+00
  9.5823361E-03  0.0000000E+00
  1.0758918E-04  0.0000000E+00  Invalid
  1.8703371E-03  0.0000000E+00  Invalid
O1
  0.264242994249910        225.622288393797     
  0.268417649430962        225.490258560089     
  0.272206218656415        225.455933685431     
  0.276592847105493        225.773069379240     
  0.280709984795799        226.238629459404     
  0.282423429310434        226.371540795402     
  0.285333859844430        226.638483603662     
  0.284614245144969        226.596631045076     
  0.283206903862896        226.589245664548     
  0.282089616514787        226.504146732693     
  0.280894427381873        226.510860482264     
  0.279593657891634        226.489018162797     
  0.278534059042502        226.489300231623     
  0.277598043021244        226.480257277199     
  0.276789444379625        226.475417131844     
  0.275507515365740        226.480239739298     
  0.274108779981098        226.475480392030     
  0.272544273555326        226.474610611664     
  0.271001784579649        226.490989496313     
  0.269661268490136        226.501930182642     
  0.268049294550758        226.519147142309     
  0.266269617184723        226.543957162300     
  0.265004871752635        226.307401922993     
  0.263846786085648        226.089655280119     
  0.262682574073004        225.872769196261     
  0.261506831830410        225.652488804440     
  0.260402177215871        225.433013897022     
  0.259321558560809        225.217748702996     
  0.258272614778972        224.996620255630     
  0.257283398968708        224.773027873063     
  0.256351149837225        224.569801937690     
  0.255311512389686        224.310805150254     
  0.254343058498783        224.084648670359     
  0.253396614731484        223.844963259858     
  0.252493263624218        223.629510871181     
  0.251421053261599        223.356840303170     
  0.250528002838359        223.090898321183     
  0.249545899299976        222.861058779475     
  0.248631853671169        222.619521676972     
  0.247721493066931        222.381409863252     
  0.246794811821454        222.137743753886     
  0.245847982291605        221.882379458049     
  0.244915582865194        221.644421029848     
  0.243974701292002        221.391009996726     
  0.242783475833473        221.134329776727     
  0.241913223801671        220.900596369173     
  0.240937122853820        220.678049909116     
  0.239621556913489        220.415375906621     
  0.238947064168765        220.155299683306     
  0.237867706789718        219.925775266260     
  0.235716900634861        219.457017161295     
  0.234906595321885        219.219153665742     
  0.233644916990681        218.997827180806     
  0.232729404303283        218.806030878501     
  0.231879788581272        218.550444375809     
  0.230898207447518        218.370429553945     
  0.229730903995140        218.204166043677     
  0.227691812047587        217.902575930556     
  0.226775561139398        217.751658926461     
  0.225968549162881        217.558512098825     
  0.223505475701885        217.140019481776     
  0.222469016249872        216.882488225964     
  0.221265502076189        216.589183076726     
  0.218586350801301        216.152575931517     
  0.217218875180688        215.840498514194     
  0.215418012772088        215.532597338602     
  0.217571245866877        214.830391600370     
  0.218948281667143        214.397769291930     
  0.220183934239750        213.959145367248     
  0.221232474724223        213.590543519058     
  0.222390144045600        213.192749730899     
  0.223861473293123        212.698937410066     
  0.224820921511166        212.353314890331     
  0.226352222904830        211.839820439959     
  0.227313670216058        211.490303361001     
  0.228799976934573        210.954061417211     
  0.229597143208954        210.662617717422     
  0.230280582427458        210.404332609087     
  0.231132701812601        210.077716697232     
  0.231927375133379        209.749770562805     
  0.232448652136859        209.557711604345     
  0.232898285126137        209.352417009106     
  0.233322564033545        209.106561256707     
  0.233804190662318        208.949454555932     
  0.234238548226747        208.676142210591     
  0.234991708944440        208.348048132022     
  0.235197735908868        207.995687121630     
  0.235886801917655        207.706377078066     
K1
  0.431983724202755        243.484114404049     
  0.440292280254918        243.393189189064     
  0.447849922107691        243.591211271619     
  0.455458831887082        244.166628257663     
  0.462359658965992        244.910686825601     
  0.465507374270220        245.133418626033     
  0.469913385541913        245.541680140972     
  0.468531055269264        245.445956191049     
  0.465924383494266        245.363319157932     
  0.463785695026831        245.222409632704     
  0.461292454654233        245.126851959569     
  0.458927154048430        245.029627778099     
  0.456951207942186        244.954275967767     
  0.455305262736064        244.879905482675     
  0.453815743828650        244.832234867557     
  0.451550021312555        244.754620565456     
  0.449142847988255        244.672271271411     
  0.446540035021992        244.578405178252     
  0.443860129665385        244.513156557509     
  0.441560902054330        244.452966237279     
  0.438833456188887        244.381910932552     
  0.435762326133738        244.304596668932     
  0.433937452162559        243.999750366133     
  0.432218994498965        243.713407058699     
  0.430481356587836        243.427799071181     
  0.428724461469918        243.134626436708     
  0.427079269571284        242.843992237900     
  0.425455902323325        242.559036447092     
  0.423894301103687        242.266518270432     
  0.422441944481655        241.975572719018     
  0.421068660772933        241.710631830118     
  0.419557312957877        241.386556400068     
  0.418143470249955        241.096614856793     
  0.416764969986675        240.795756624608     
  0.415456190036536        240.521326398804     
  0.413943070523080        240.175443711929     
  0.412711933308246        239.843235432335     
  0.411358229193228        239.539514667784     
  0.410077581394400        239.222730099094     
  0.408818939595906        238.906453618800     
  0.407572539357300        238.584005456912     
  0.406266723561387        238.246283580562     
  0.404987518802135        237.923170448503     
  0.403726893576916        237.586356804986     
  0.402017388616932        237.233590171197     
  0.400775445153452        236.911142084552     
  0.399398640404196        236.592240173585     
  0.397548415620013        236.238038093599     
  0.396623316483960        235.906488763185     
  0.395126950366554        235.571268574785     
  0.392033170990044        234.923132695971     
  0.390970560164079        234.608347596041     
  0.389140750168480        234.257048927042     
  0.387834126511490        233.973075445333     
  0.386678375591068        233.637497268337     
  0.385217227066841        233.366185265473     
  0.383348114970147        233.058130433298     
  0.380151338519053        232.527399751662     
  0.378742050604369        232.277793381939     
  0.377483089864296        231.988321026123     
  0.373957826648609        231.347354061662     
  0.372530580083846        231.024560889441     
  0.370925489155073        230.641342998981     
  0.367144480978575        229.975211384878     
  0.365249733753718        229.553288537106     
  0.362710149947103        229.082027121395     
  0.367511707173722        228.607401518113     
  0.370509930684908        228.320908322711     
  0.373382258385565        228.010682476575     
  0.375778670746346        227.748060049388     
  0.378429784754923        227.468918254514     
  0.381747438151877        227.120768830086     
  0.383968622538426        226.871587278135     
  0.387406721353799        226.509054914976     
  0.389660095979801        226.252363287621     
  0.393131699965163        225.864146831658     
  0.394975630511949        225.639922416081     
  0.396599686747625        225.458695585313     
  0.398638301447570        225.210149564108     
  0.400579466246814        224.967844835298     
  0.401775642432161        224.828729622929     
  0.402943604140573        224.661413283942     
  0.404193563883288        224.468694592435     
  0.405245805698445        224.354318866433     
  0.406609482701653        224.146367934311     
  0.408454345471777        223.894669208737     
  0.409818946202084        223.625101361061     
  0.411359466683370        223.444853264124     
Q1
  4.649979641619548E-002   217.574663770733     
  4.711372588496409E-002   217.510229251236     
  4.748434151963547E-002   217.747912975058     
  4.810149056246708E-002   218.310525223543     
  4.886000766408331E-002   218.848680397215     
  4.916858151490719E-002   218.980068852089     
  4.965832616425123E-002   219.156899054495     
  4.955529901360114E-002   219.224858919931     
  4.935050337770271E-002   219.327609910584     
  4.916795946527656E-002   219.300022618508     
  4.899817731174975E-002   219.320930583865     
  4.879465650247725E-002   219.317022520416     
  4.863346866093572E-002   219.310310131859     
  4.848510660850128E-002   219.298498053231     
  4.835273135852680E-002   219.283990115156     
  4.814991290890944E-002   219.274019319922     
  4.791858625720734E-002   219.250678777991     
  4.766681502556745E-002   219.230786622004     
  4.741259074528725E-002   219.217067234204     
  4.719380306017693E-002   219.202594184446     
  4.693397134231313E-002   219.190813379033     
  4.665351755201609E-002   219.176438300437     
  4.646221382255464E-002   218.936020242122     
  4.629128434823792E-002   218.715016020815     
  4.611871508528127E-002   218.497084402457     
  4.594494054004434E-002   218.276256741698     
  4.578209175418189E-002   218.057928833595     
  4.562166115340753E-002   217.842048058299     
  4.546453346273446E-002   217.620366377432     
  4.531781582143695E-002   217.395330021132     
  4.517777492813254E-002   217.192139470995     
  4.502424185309309E-002   216.931990489409     
  4.488080007179993E-002   216.709608614922     
  4.474024142850887E-002   216.474411382501     
  4.460410500186653E-002   216.262910402816     
  4.444258495788650E-002   215.997545254564     
  4.430770852945744E-002   215.742357078211     
  4.415360584054386E-002   215.520609459827     
  4.401034093654096E-002   215.288475268142     
  4.386803265963760E-002   215.059980286601     
  4.372279080875195E-002   214.825114570805     
  4.357592679466659E-002   214.576849658175     
  4.343484957564901E-002   214.347271234760     
  4.329300789264456E-002   214.102219387250     
  4.311190432297984E-002   213.846134707465     
  4.298647564598272E-002   213.620533641375     
  4.284345937582965E-002   213.404729727865     
  4.264005907846655E-002   213.136055841965     
  4.255065883888323E-002   212.881351079011     
  4.238942618783080E-002   212.651114856534     
  4.206411618821476E-002   212.170451448235     
  4.194323596916663E-002   211.929946840048     
  4.174569364843212E-002   211.708747518413     
  4.160446603780828E-002   211.513027810999     
  4.147898161624830E-002   211.249048511223     
  4.132883740330757E-002   211.062083847634     
  4.115424325299994E-002   210.889469134675     
  4.084983208245298E-002   210.579915299759     
  4.071471171274404E-002   210.428350483319     
  4.060300635387908E-002   210.238732065993     
  4.023763049722550E-002   209.801335370394     
  4.008529081531591E-002   209.531963457908     
  3.990821014589740E-002   209.232289629791     
  3.949558558862832E-002   208.764940225790     
  3.929239180848977E-002   208.445765151608     
  3.901696057763972E-002   208.122339045229     
  3.942242257912002E-002   207.538596486582     
  3.968255210832190E-002   207.177476963815     
  3.991813079678182E-002   206.812044345255     
  4.011983229119442E-002   206.504768769578     
  4.034015591428586E-002   206.172509653428     
  4.062204111118366E-002   205.761475413994     
  4.080547292146762E-002   205.471763948272     
  4.109898552446787E-002   205.041670956015     
  4.128396569951896E-002   204.748919612994     
  4.156883131576255E-002   204.297482118332     
  4.172513790217688E-002   204.051858346572     
  4.185442082267850E-002   203.831629007022     
  4.202189642414354E-002   203.555070909459     
  4.217642242906119E-002   203.270622310667     
  4.227755823869682E-002   203.105334231268     
  4.236818561176812E-002   202.933297463054     
  4.245169511315110E-002   202.720204888494     
  4.254477286133213E-002   202.585204086488     
  4.263166580935846E-002   202.339883179911     
  4.277886342141433E-002   202.041926272473     
  4.284310524367592E-002   201.702920844789     
  4.299024328648770E-002   201.399383160141     
P1
  0.135379012474511        236.429670151338     
  0.136971742858374        237.082236412561     
  0.138923947912959        237.632525141221     
  0.140113003357577        238.415498604967     
  0.141262249252153        239.060453368786     
  0.141867265904321        239.336616035921     
  0.142555249805576        239.881598131572     
  0.142381950174396        240.093679088802     
  0.142007997992795        240.243488035967     
  0.141667869645440        240.261839030780     
  0.141160180934684        240.260589985005     
  0.140680401653207        240.221473555992     
  0.140227954618731        240.166662506990     
  0.139843987953990        240.116883802219     
  0.139496881261889        240.086751909886     
  0.138951683376079        240.026822280845     
  0.138351964878176        239.969214525272     
  0.137702346917089        239.900169259502     
  0.137006040503975        239.862390298311     
  0.136406922466390        239.831551524363     
  0.135691572591010        239.798503748345     
  0.134875635279108        239.766105789138     
  0.134368884137772        239.529834439298     
  0.133890587958257        239.304173134664     
  0.133407698726303        239.080098069654     
  0.132912999230108        238.850007095374     
  0.132442891754655        238.620187110313     
  0.131979584321432        238.393598992337     
  0.131532655715229        238.160237947485     
  0.131113788507330        237.921735788646     
  0.130732351706237        237.703018168381     
  0.130306737886400        237.428456255641     
  0.129920849642041        237.182491836275     
  0.129540349445118        236.927320337618     
  0.129167711726143        236.698058003833     
  0.128714743907459        236.409812703389     
  0.128318944926177        236.135371541989     
  0.127882886712272        235.891905304825     
  0.127457873344211        235.639819783426     
  0.127025572409016        235.391388434271     
  0.126585514009359        235.140386486037     
  0.126137491189451        234.882415401666     
  0.125699924604629        234.641492789820     
  0.125269880326889        234.391249417703     
  0.124723556354202        234.139607610934     
  0.124315829319180        233.907974237864     
  0.123875965159319        233.684501930672     
  0.123295476270049        233.432658140476     
  0.122990224208131        233.183395315598     
  0.122532774590583        232.945571404219     
  0.121583962410353        232.476402890012     
  0.121241727096964        232.240262475619     
  0.120685428978495        231.987271296439     
  0.120283340361219        231.782273859045     
  0.119900480656702        231.534682608730     
  0.119447895250006        231.343401469625     
  0.118911553592041        231.132025036157     
  0.118003663226981        230.765319441299     
  0.117611192235411        230.589083924639     
  0.117276540830558        230.370928723371     
  0.116286910730118        229.926210996362     
  0.115871625672509        229.687787612954     
  0.115396199343818        229.405360615194     
  0.114331708843073        228.952562215177     
  0.113780521395254        228.649227352864     
  0.113059453905766        228.330078238740     
  0.114064182111490        227.819206937428     
  0.114698217920222        227.507341345949     
  0.115288742470170        227.181258854171     
  0.115779410073928        226.907965950028     
  0.116325363148615        226.613035798870     
  0.117010159656980        226.245835732643     
  0.117454380524734        225.985241328246     
  0.118158793170703        225.602316302683     
  0.118607700097424        225.332457631801     
  0.119300767466457        224.922371930063     
  0.119655549935845        224.689716261715     
  0.119978436850703        224.499615486821     
  0.120368692398814        224.240862505403     
  0.120734552741349        223.992513066496     
  0.120963074596150        223.848738600066     
  0.121168908029131        223.683158092979     
  0.121386563357651        223.495478635088     
  0.121584747362842        223.374222137200     
  0.121823092276526        223.165661312430     
  0.122125339854247        222.906251756946     
  0.122296275630599        222.622961688973     
  0.122573329178484        222.402747101220     
K2
  7.811221477342450E-002   258.589607905174     
  7.718839339554637E-002   260.057676612151     
  7.674445656944094E-002   260.228684888695     
  7.544799064901181E-002   260.358734362298     
  7.425852724748677E-002   260.651905847955     
  7.402838080444231E-002   260.606667370412     
  7.393597192966489E-002   260.814104369851     
  7.389443825473833E-002   260.923892157995     
  7.369816889210039E-002   261.179399479220     
  7.350707098549403E-002   261.439350649649     
  7.326679291984756E-002   261.647705560850     
  7.305784069939078E-002   261.809062062636     
  7.285669124496212E-002   261.927665509297     
  7.266911592364132E-002   262.039961076768     
  7.248096371473291E-002   262.139823419781     
  7.217974985374968E-002   262.294322630996     
  7.181781381037297E-002   262.456565389787     
  7.135720039756177E-002   262.613902912402     
  7.092373174518021E-002   262.807852220147     
  7.050557521305856E-002   262.967634104748     
  7.000951083979248E-002   263.171112718308     
  6.944260158594046E-002   263.416977718536     
  6.872606037826692E-002   263.096839648532     
  6.804414403300392E-002   262.784791390951     
  6.734309483523150E-002   262.468504398565     
  6.661449371384159E-002   262.139654457579     
  6.587446017643192E-002   261.789681933279     
  6.513362800077879E-002   261.444195941593     
  6.437819533161986E-002   261.064932928149     
  6.362668635487863E-002   260.662833325881     
  6.293388530566026E-002   260.297106947593     
  6.214102257530591E-002   259.822355586146     
  6.142384384012443E-002   259.402494623604     
  6.066244941523626E-002   258.936291799792     
  5.999588999160704E-002   258.543161765703     
  5.917401358512254E-002   258.047202736290     
  5.834452374962137E-002   257.516206555455     
  5.760394520382892E-002   257.105122641387     
  5.678032549238438E-002   256.592256331257     
  5.594923626451254E-002   256.084928851941     
  5.512037173138068E-002   255.586111613903     
  5.427137121051668E-002   255.034037672335     
  5.344729674453082E-002   254.523855145477     
  5.260927403662313E-002   253.961032231693     
  5.172641506605837E-002   253.489010102838     
  5.083361055329298E-002   252.889316910940     
  4.999211721449152E-002   252.300703874574     
  4.917844064707479E-002   251.835726661825     
  4.822422423098226E-002   251.089697051737     
  4.732512293142688E-002   250.474500211051     
  4.559526009789542E-002   249.207577073455     
  4.473704857880651E-002   248.479603808794     
  4.371151560526115E-002   247.736666223053     
  4.287044267063207E-002   247.066297010633     
  4.184301985637081E-002   246.125949924854     
  4.091722614412258E-002   245.486908631706     
  3.975939591863000E-002   244.704936861344     
  3.765510449804683E-002   243.214149578006     
  3.662185201725644E-002   242.407091019846     
  3.553801806334186E-002   241.402862902330     
  3.371089902501025E-002   239.925086004892     
  3.296930938884238E-002   239.243886104790     
  3.209216022779469E-002   238.272771052783     
  3.044140029109753E-002   236.838061317617     
  2.935035341081736E-002   235.508513447205     
  2.815485730220078E-002   234.184145895579     
  2.879950394487292E-002   231.682259187104     
  2.923642375048721E-002   230.258668726993     
  2.964256880123054E-002   228.855373757936     
  3.001412012352928E-002   227.683535434925     
  3.041563858860591E-002   226.498014137373     
  3.091438029959001E-002   225.025755325649     
  3.125726587086306E-002   224.048819767516     
  3.175923308314066E-002   222.573991369943     
  3.209705192188308E-002   221.618779611469     
  3.258492361224025E-002   220.179611955080     
  3.285083654314472E-002   219.373922411181     
  3.305865663928247E-002   218.701135565355     
  3.333207057186474E-002   217.842980648664     
  3.358329369368562E-002   217.071050640673     
  3.373802646509255E-002   216.594259728497     
  3.390650153945934E-002   216.072155402365     
  3.408868540528852E-002   215.542509476267     
  3.421529359214143E-002   215.131947658267     
  3.443261899948477E-002   214.670016931503     
  3.472605766790147E-002   213.983077159772     
  3.500972209233055E-002   213.823074660511     
  3.522906524404300E-002   213.582245641814     
N2
  0.203422233242399        207.103505416318     
  0.203009112416221        207.267020017263     
  0.202190940329123        207.392146330663     
  0.201180294089352        207.556311035281     
  0.200250742364178        207.700883952297     
  0.199656329968949        207.765935686949     
  0.198647843661305        207.881097650253     
  0.197923674102740        207.953980218675     
  0.197236175536375        208.033131513344     
  0.196451978587737        208.118429082142     
  0.195547406368968        208.197424963564     
  0.194744780743865        208.275620740988     
  0.194054621041870        208.333486720725     
  0.193417824742924        208.386503890001     
  0.192792144689049        208.438205969675     
  0.191808408094942        208.516561037090     
  0.190671111690456        208.599648877780     
  0.189292531828805        208.659802431034     
  0.187938567091559        208.760593545589     
  0.186662648812233        208.829787637139     
  0.185131874434132        208.916579462854     
  0.183360933850902        209.018056466398     
  0.181840637357542        208.606978636033     
  0.180385636196625        208.206388875045     
  0.178893240012994        207.792203081333     
  0.177361885067670        207.360001302421     
  0.175851603697916        206.906471826203     
  0.174349387810489        206.458711853876     
  0.172849345758298        205.984196733927     
  0.171359618806506        205.492796921553     
  0.169969917089244        205.049694416939     
  0.168361958523098        204.494292210540     
  0.166879406370911        204.003593125946     
  0.165298969567394        203.467828910299     
  0.163907251334974        203.008204684909     
  0.162221866052746        202.430936368625     
  0.160574926856894        201.826610526367     
  0.159092188913461        201.338386129032     
  0.157498436941276        200.756972866866     
  0.155899457325195        200.182522733073     
  0.154305177912583        199.620177724606     
  0.152677245574173        199.013225094185     
  0.151082889955935        198.446005419825     
  0.149452438156313        197.830433402521     
  0.147700665580524        197.280580913840     
  0.145972222197811        196.640439304066     
  0.144334025722767        196.024173854113     
  0.142700609480246        195.503772148333     
  0.140879693377686        194.778260286321     
  0.139138423558281        194.169062082090     
  0.135789585520982        192.952888617165     
  0.134188308925086        192.294380485651     
  0.132262408719683        191.613855047188     
  0.130703031079604        191.008928029055     
  0.128856800112585        190.178740339769     
  0.127153488475221        189.589392650723     
  0.125060037100125        188.845301921175     
  0.121302940689563        187.469216333562     
  0.119491442837500        186.760130610131     
  0.117600567208325        185.919379933125     
  0.114349707564535        184.636266572590     
  0.113056812269603        184.093402557314     
  0.111549065031033        183.342587396009     
  0.108700979340546        182.204490511146     
  0.106864694336926        181.275146645848     
  0.104860789064870        180.359646795446     
  0.106798048231691        179.659687046730     
  0.107954039674511        179.247708622820     
  0.108979135029273        178.809713173763     
  0.109851019966633        178.422741277492     
  0.110729332299085        178.017002403293     
  0.111749499040423        177.480562026031     
  0.112393520117922        177.099396036674     
  0.113271119048777        176.495187484066     
  0.113811228715135        176.077514442114     
  0.114511464569853        175.421450336031     
  0.114850987705675        175.039826884235     
  0.115087460254717        174.707734705423     
  0.115385549599160        174.272899329934     
  0.115641316379298        173.867474442591     
  0.115797287391698        173.607885325058     
  0.115956841700561        173.323228986930     
  0.116120338471662        173.018594584020     
  0.116227012239181        172.776116984364     
  0.116465302950675        172.464751157946     
  0.116729258029232        171.971186865822     
  0.117139735545287        171.663650520196     
  0.117376611912893        171.383170883622     
M2
  0.989360657767646        236.719353440545     
  0.987265570433033        236.886821436217     
  0.984461138182630        237.053755831446     
  0.980373493230218        237.210586568480     
  0.975591633296880        237.337009830635     
  0.972521602330226        237.409967187190     
  0.967334078961397        237.537580869813     
  0.963956437798439        237.616861219577     
  0.960881915365949        237.695476453436     
  0.957362693175875        237.782088029058     
  0.953341418140937        237.865399845736     
  0.949795152246639        237.948770363458     
  0.946773646443125        238.011753529075     
  0.943980261424330        238.068896134127     
  0.941241308525576        238.125211000214     
  0.936930961262643        238.210517064881     
  0.931936941650138        238.302256169628     
  0.925830643972360        238.373532950090     
  0.919880334985146        238.484194422877     
  0.914233606716791        238.563559353397     
  0.907448544433268        238.662621652174     
  0.899592907838290        238.778918867478     
  0.892450496076490        238.399951697062     
  0.885616410449147        238.030599915318     
  0.878593254556577        237.649606095858     
  0.871370929023062        237.252244677480     
  0.864207884550292        236.835526743686     
  0.857068410394335        236.425064113206     
  0.849894737359764        235.989295961972     
  0.842734714159891        235.537434553709     
  0.836037252831460        235.130281505131     
  0.828257458091177        234.618061148255     
  0.821068345828171        234.164891923793     
  0.813377562497406        233.669813963364     
  0.806598392047559        233.246228615843     
  0.798348467835952        232.712705367897     
  0.790222233234441        232.152053992124     
  0.782925509127044        231.702239595755     
  0.774999851357826        231.163011468388     
  0.767023156695758        230.630344123001     
  0.759055831651519        230.108995873433     
  0.750875592641050        229.544584962774     
  0.742844882984095        229.017301583674     
  0.734597018617654        228.443976264638     
  0.725735798515697        227.938960295450     
  0.716928884807712        227.339744280953     
  0.708556728917589        226.758025908119     
  0.700233569669154        226.279360369388     
  0.690867835109219        225.593144904354     
  0.681862397382441        225.017290949457     
  0.664503160447743        223.873891079344     
  0.656121294712723        223.245831021709     
  0.646072350582444        222.591619712373     
  0.637885862753695        222.012359332467     
  0.628117585392655        221.219785206838     
  0.619154910590260        220.647958757035     
  0.608114202861186        219.937609981890     
  0.588089119004598        218.602391747050     
  0.578310999870604        217.900315359042     
  0.568086819722154        217.069234921228     
  0.550110850863494        215.822037217462     
  0.542743514482901        215.270737277297     
  0.534197852220012        214.532422583311     
  0.517659837961907        213.416355875376     
  0.506975375055482        212.477392898547     
  0.495001238231861        211.558754113594     
  0.503001024467388        210.041918967400     
  0.508129180999907        209.150725097963     
  0.512728617905422        208.248298895867     
  0.516840313257125        207.473693350761     
  0.521188653117356        206.668155402375     
  0.526512857748318        205.641648025247     
  0.530090823002473        204.935763928674     
  0.535301426297954        203.851678756232     
  0.538792079926146        203.126910489482     
  0.543772911204203        202.006388118805     
  0.546479856218752        201.362991279170     
  0.548615771798822        200.828125075018     
  0.551503205202193        200.133484934113     
  0.554260817013102        199.503580792910     
  0.556040406147528        199.116773591157     
  0.557994156868136        198.699455813457     
  0.560155147319293        198.268175317225     
  0.561793697126005        197.927407507967     
  0.564546978046698        197.509466136667     
  0.568390906071470        196.862841531327     
  0.572388425281199        196.492788282919     
  0.575302369145944        196.144699373270     
S2
  0.283891400406244        267.716379042410     
  0.282277471902695        267.986420155063     
  0.281288061565738        268.233290143276     
  0.279717669682458        268.343843296056     
  0.278078810658533        268.339117362753     
  0.277118774251523        268.378717535831     
  0.275632727141864        268.556776254652     
  0.274676623361448        268.688712156102     
  0.273818253912519        268.826629769569     
  0.272828049076417        268.969448073868     
  0.271686105087890        269.109372679618     
  0.270679460739916        269.239970148449     
  0.269820812858685        269.341280659730     
  0.269017284415361        269.433878495307     
  0.268227340850421        269.522622937852     
  0.266979084489155        269.659765487475     
  0.265524360827537        269.809796587386     
  0.263689398157536        269.943523650217     
  0.261950052471809        270.125496233536     
  0.260269125440967        270.267539157469     
  0.258246904994163        270.446274698138     
  0.255899735153446        270.658732946812     
  0.253272000246363        270.263604420599     
  0.250747470190969        269.876937273260     
  0.248150075260407        269.478126745478     
  0.245465116411943        269.058295576949     
  0.242776855895589        268.612042710503     
  0.240101178425699        268.170301681492     
  0.237389162322252        267.694068272915     
  0.234678699942888        267.196977393796     
  0.232153531994500        266.747644260631     
  0.229218392368440        266.179209366749     
  0.226514788117666        265.676918225420     
  0.223628620224949        265.123420576135     
  0.221093463376854        264.651451929426     
  0.217985412238793        264.049553070234     
  0.214893305793209        263.403515759567     
  0.212146161193099        262.890004633123     
  0.209135334701412        262.259482930014     
  0.206101600052150        261.632692926719     
  0.203080411821735        261.015974891072     
  0.199981654577578        260.338144924392     
  0.196947355678804        259.704190725913     
  0.193843810328683        259.011264576382     
  0.190540369070487        258.407174349346     
  0.187218394861726        257.663178670048     
  0.184061413935788        256.934914614700     
  0.180977872065247        256.348146177638     
  0.177474051027127        255.456452391210     
  0.174107150561560        254.711271721343     
  0.167684103348020        253.204115860934     
  0.164564274790919        252.346782362342     
  0.160809641520872        251.435639005721     
  0.157772365921264        250.619358501451     
  0.154163800144641        249.482154902629     
  0.150833223518250        248.644358191685     
  0.146741515689804        247.586244173830     
  0.139311119295202        245.527426215972     
  0.135681524526032        244.405656509777     
  0.131933625932811        243.054569940781     
  0.125417679932060        240.988952291340     
  0.122757562139660        240.043848606610     
  0.119730526884696        238.767506090120     
  0.113784709910371        236.744468483816     
  0.110031044613326        234.981197559187     
  0.105793824173568        233.177317171280     
  0.108599516377611        230.370513651501     
  0.110496288444052        228.767374331399     
  0.112277383010752        227.172285994853     
  0.113917830300869        225.838208227939     
  0.115697880160565        224.474826959253     
  0.117962730732367        222.775021021878     
  0.119532902043184        221.631638565051     
  0.121909656198648        219.904388109403     
  0.123538523972542        218.780007668281     
  0.125959464864884        217.061151278492     
  0.127320162776851        216.086945155871     
  0.128434988302499        215.287917109171     
  0.129932389203267        214.263654440685     
  0.131360389136100        213.353672106703     
  0.132273471510511        212.802886150856     
  0.133283421445513        212.219157749233     
  0.134381080029658        211.628500442887     
  0.135227792548411        211.158687480723     
  0.136504958749031        210.621445186815     
  0.138355972245394        209.787874787657     
  0.139904884761531        209.378978031264     
  0.141126983613228        208.964922763518     
5 0 1 1 2 !Beaver Army
0.7
0.0
1
3 0 2 3 3 !Fraser 
0.0
0.0
0.0
