Node list file
1 Number of lists in this file
41 Number of nodes in this list
10759 1 0.000000 1
10760 1 0.000000 1
10566 1 0.000000 1
10567 1 0.000000 1
10550 1 0.000000 1
10551 1 0.000000 1
10552 1 0.000000 1
10549 1 0.000000 1
10360 1 0.000000 1
10206 1 0.000000 1
10017 1 0.000000 1
9820 1 0.000000 1
9635 1 0.000000 1
9458 1 0.000000 1
9294 1 0.000000 1
9142 1 0.000000 1
8989 1 0.000000 1
8849 1 0.000000 1
8719 1 0.000000 1
8584 1 0.000000 1
8453 1 0.000000 1
8314 1 0.000000 1
8183 1 0.000000 1
8046 1 0.000000 1
7913 1 0.000000 1
7767 1 0.000000 1
7614 1 0.000000 1
7613 1 0.000000 1
7764 1 0.000000 1
7763 1 0.000000 1
7610 1 0.000000 1
7441 1 0.000000 1
7440 1 0.000000 1
7252 1 0.000000 1
7072 1 0.000000 1
6897 1 0.000000 1
6710 1 0.000000 1
6515 1 0.000000 1
6322 1 0.000000 1
6133 1 0.000000 1
5947 1 0.000000 1
